6.520046, 0.272174  
6.520026, 0.106274  
6.519988, 0.063679  
6.519930, 0.038826  
6.519853, 0.030301  
6.519757, 0.029035  
6.519642, 0.024469  
6.519507, 0.018102  
6.519353, 0.016081  
6.519180, 0.016846  
6.518988, 0.015140  
6.518776, 0.011800  
6.518545, 0.010967  
6.518295, 0.011885  
6.518026, 0.010962  
6.517737, 0.008756  
6.517429, 0.008337  
6.517102, 0.009196  
6.516756, 0.008595  
6.516391, 0.006964  
6.516006, 0.006737  
6.515602, 0.007511  
6.515179, 0.007072  
6.514737, 0.005785  
6.514275, 0.005663  
6.513794, 0.006357  
6.513294, 0.006012  
6.512775, 0.004952  
6.512236, 0.004892  
6.511679, 0.005518  
6.511102, 0.005231  
6.510506, 0.004332  
6.509890, 0.004313  
6.509256, 0.004882  
6.508602, 0.004634  
6.507929, 0.003854  
6.507237, 0.003864  
6.506525, 0.004383  
6.505795, 0.004163  
6.505045, 0.003475  
6.504276, 0.003504  
6.503488, 0.003982  
6.502680, 0.003782  
6.501854, 0.003168  
6.501008, 0.003212  
6.500143, 0.003653  
6.499259, 0.003468  
6.498355, 0.002913  
6.497433, 0.002969  
6.496491, 0.003379  
6.495530, 0.003205  
6.494550, 0.002700  
6.493551, 0.002764  
6.492532, 0.003147  
6.491495, 0.002982  
6.490438, 0.002519  
6.489362, 0.002590  
6.488267, 0.002949  
6.487153, 0.002791  
6.486019, 0.002363  
6.484867, 0.002441  
6.483695, 0.002778  
6.482504, 0.002626  
6.481294, 0.002229  
6.480065, 0.002311  
6.478817, 0.002629  
6.477549, 0.002482  
6.476263, 0.002111  
6.474957, 0.002198  
6.473632, 0.002498  
6.472288, 0.002355  
6.470925, 0.002008  
6.469543, 0.002098  
6.468142, 0.002383  
6.466721, 0.002242  
6.465282, 0.001918  
6.463823, 0.002010  
6.462346, 0.002280  
6.460849, 0.002143  
6.459333, 0.001837  
6.457798, 0.001932  
6.456244, 0.002189  
6.454671, 0.002054  
6.453078, 0.001765  
6.451467, 0.001863  
6.449837, 0.002107  
6.448187, 0.001974  
6.446519, 0.001701  
6.444831, 0.001801  
6.443125, 0.002034  
6.441399, 0.001902  
6.439654, 0.001644  
6.437891, 0.001745  
6.436108, 0.001968  
6.434306, 0.001838  
6.432485, 0.001593  
6.430645, 0.001695  
6.428786, 0.001908  
6.426909, 0.001779  
6.425012, 0.001546  
6.423096, 0.001651  
6.421161, 0.001854  
6.419207, 0.001726  
6.417234, 0.001505  
6.415242, 0.001610  
6.413232, 0.001805  
6.411202, 0.001678  
6.409153, 0.001468  
6.407085, 0.001574  
6.404998, 0.001761  
6.402893, 0.001635  
6.400768, 0.001434  
6.398625, 0.001542  
6.396462, 0.001721  
6.394281, 0.001595  
6.392080, 0.001404  
6.389861, 0.001513  
6.387623, 0.001684  
6.385366, 0.001559  
6.383090, 0.001377  
6.380795, 0.001487  
6.378481, 0.001651  
6.376148, 0.001527  
6.373797, 0.001353  
6.371426, 0.001464  
6.369037, 0.001621  
6.366629, 0.001497  
6.364202, 0.001332  
6.361756, 0.001444  
6.359291, 0.001593  
6.356808, 0.001470  
6.354305, 0.001313  
6.351784, 0.001425  
6.349244, 0.001569  
6.346685, 0.001446  
6.344107, 0.001297  
6.341511, 0.001410  
6.338896, 0.001546  
6.336262, 0.001425  
6.333609, 0.001283  
6.330937, 0.001396  
6.328247, 0.001526  
6.325537, 0.001405  
6.322809, 0.001271  
6.320063, 0.001384  
6.317297, 0.001508  
6.314513, 0.001388  
6.311710, 0.001260  
6.308889, 0.001375  
6.306048, 0.001492  
6.303189, 0.001372  
6.300311, 0.001252  
6.297415, 0.001367  
6.294500, 0.001478  
6.291566, 0.001359  
6.288613, 0.001246  
6.285642, 0.001361  
6.282652, 0.001466  
6.279644, 0.001347  
6.276617, 0.001241  
6.273571, 0.001357  
6.270507, 0.001456  
6.267424, 0.001337  
6.264322, 0.001239  
6.261202, 0.001354  
6.258063, 0.001446  
6.254906, 0.001329  
6.251730, 0.001237  
6.248535, 0.001353  
6.245322, 0.001439  
6.242090, 0.001322  
6.238840, 0.001238  
6.235571, 0.001353  
6.232284, 0.001433  
6.228978, 0.001317  
6.225653, 0.001241  
6.222311, 0.001356  
6.218949, 0.001429  
6.215569, 0.001314  
6.212171, 0.001245  
6.208754, 0.001359  
6.205319, 0.001425  
6.201865, 0.001312  
6.198393, 0.001251  
6.194902, 0.001365  
6.191393, 0.001424  
6.187865, 0.001311  
6.184319, 0.001258  
6.180755, 0.001372  
6.177172, 0.001423  
6.173571, 0.001312  
6.169951, 0.001268  
6.166313, 0.001381  
6.162657, 0.001424  
6.158982, 0.001315  
6.155289, 0.001279  
6.151578, 0.001391  
6.147848, 0.001426  
6.144100, 0.001319  
6.140334, 0.001292  
6.136549, 0.001403  
6.132747, 0.001430  
6.128925, 0.001325  
6.125086, 0.001307  
6.121228, 0.001417  
6.117352, 0.001435  
6.113458, 0.001332  
6.109546, 0.001325  
6.105615, 0.001432  
6.101666, 0.001441  
6.097699, 0.001341  
6.093714, 0.001344  
6.089710, 0.001450  
6.085689, 0.001448  
6.081649, 0.001352  
6.077591, 0.001366  
6.073515, 0.001469  
6.069420, 0.001457  
6.065308, 0.001364  
6.061177, 0.001391  
6.057029, 0.001491  
6.052862, 0.001467  
6.048677, 0.001378  
6.044475, 0.001418  
6.040254, 0.001515  
6.036015, 0.001479  
6.031758, 0.001394  
6.027483, 0.001448  
6.023190, 0.001541  
6.018878, 0.001492  
6.014549, 0.001412  
6.010202, 0.001481  
6.005837, 0.001569  
6.001454, 0.001506  
5.997053, 0.001433  
5.992634, 0.001517  
5.988197, 0.001601  
5.983743, 0.001522  
5.979270, 0.001455  
5.974779, 0.001557  
5.970271, 0.001635  
5.965744, 0.001539  
5.961200, 0.001480  
5.956638, 0.001601  
5.952058, 0.001672  
5.947460, 0.001559  
5.942845, 0.001508  
5.938211, 0.001649  
5.933560, 0.001712  
5.928891, 0.001579  
5.924204, 0.001539  
5.919499, 0.001701  
5.914777, 0.001756  
5.910037, 0.001602  
5.905279, 0.001572  
5.900504, 0.001759  
5.895710, 0.001804  
5.890900, 0.001626  
5.886071, 0.001609  
5.881225, 0.001823  
5.876361, 0.001856  
5.871479, 0.001653  
5.866580, 0.001650  
5.861663, 0.001892  
5.856728, 0.001913  
5.851776, 0.001681  
5.846807, 0.001694  
5.841819, 0.001969  
5.836815, 0.001975  
5.831792, 0.001712  
5.826752, 0.001743  
5.821695, 0.002054  
5.816620, 0.002043  
5.811527, 0.001745  
5.806417, 0.001797  
5.801290, 0.002147  
5.796145, 0.002117  
5.790983, 0.001780  
5.785803, 0.001856  
5.780606, 0.002250  
5.775391, 0.002197  
5.770159, 0.001818  
5.764910, 0.001922  
5.759643, 0.002364  
5.754359, 0.002286  
5.749057, 0.001859  
5.743739, 0.001994  
5.738402, 0.002491  
5.733049, 0.002383  
5.727678, 0.001903  
5.722290, 0.002074  
5.716885, 0.002631  
5.711462, 0.002490  
5.706023, 0.001950  
5.700565, 0.002162  
5.695091, 0.002788  
5.689600, 0.002608  
5.684091, 0.002001  
5.678565, 0.002261  
5.673022, 0.002963  
5.667462, 0.002738  
5.661885, 0.002056  
5.656291, 0.002370  
5.650679, 0.003160  
5.645050, 0.002883  
5.639405, 0.002115  
5.633742, 0.002492  
5.628062, 0.003381  
5.622366, 0.003043  
5.616652, 0.002178  
5.610921, 0.002629  
5.605173, 0.003630  
5.599408, 0.003222  
5.593626, 0.002246  
5.587828, 0.002783  
5.582012, 0.003912  
5.576179, 0.003423  
5.570330, 0.002320  
5.564463, 0.002956  
5.558580, 0.004233  
5.552680, 0.003647  
5.546763, 0.002400  
5.540829, 0.003153  
5.534879, 0.004598  
5.528911, 0.003901  
5.522927, 0.002487  
5.516926, 0.003377  
5.510908, 0.005018  
5.504873, 0.004188  
5.498822, 0.002581  
5.492754, 0.003632  
5.486669, 0.005500  
5.480568, 0.004515  
5.474450, 0.002683  
5.468315, 0.003926  
5.462164, 0.006059  
5.455996, 0.004888  
5.449811, 0.002794  
5.443610, 0.004265  
5.437392, 0.006709  
5.431158, 0.005317  
5.424907, 0.002915  
5.418640, 0.004659  
5.412356, 0.007468  
5.406055, 0.005812  
5.399738, 0.003048  
5.393405, 0.005119  
5.387055, 0.008362  
5.380689, 0.006388  
5.374306, 0.003194  
5.367907, 0.005660  
5.361491, 0.009420  
5.355059, 0.007061  
5.348611, 0.003354  
5.342146, 0.006300  
5.335665, 0.010682  
5.329168, 0.007854  
5.322654, 0.003531  
5.316125, 0.007065  
5.309578, 0.012197  
5.303016, 0.008796  
5.296437, 0.003727  
5.289843, 0.007985  
5.283232, 0.014032  
5.276604, 0.009922  
5.269961, 0.003945  
5.263301, 0.009102  
5.256626, 0.016272  
5.249934, 0.011283  
5.243226, 0.004189  
5.236502, 0.010471  
5.229762, 0.019033  
5.223006, 0.012941  
5.216233, 0.004462  
5.209445, 0.012166  
5.202641, 0.022472  
5.195821, 0.014984  
5.188985, 0.004771  
5.182133, 0.014290  
5.175265, 0.026801  
5.168381, 0.017531  
5.161481, 0.005122  
5.154565, 0.016983  
5.147633, 0.032320  
5.140686, 0.020745  
5.133723, 0.005522  
5.126743, 0.020445  
5.119749, 0.039449  
5.112738, 0.024862  
5.105711, 0.005984  
5.098669, 0.024963  
5.091611, 0.048798  
5.084538, 0.030216  
5.077448, 0.006522  
5.070343, 0.030960  
5.063222, 0.061266  
5.056086, 0.037303  
5.048934, 0.007155  
5.041767, 0.039069  
5.034583, 0.078207  
5.027385, 0.046872  
5.020170, 0.007911  
5.012940, 0.050268  
5.005695, 0.101722  
4.998434, 0.060085  
4.991158, 0.008830  
4.983866, 0.066111  
4.976559, 0.135165  
4.969236, 0.078804  
4.961898, 0.009970  
4.954545, 0.089150  
4.947176, 0.184084  
4.939792, 0.106122  
4.932392, 0.011425  
4.924977, 0.123744  
4.917547, 0.258027  
4.910101, 0.147401  
4.902641, 0.013351  
4.895165, 0.177682  
4.887674, 0.374226  
4.880167, 0.212397  
4.872646, 0.016021  
4.865109, 0.265658  
4.857557, 0.565584  
4.849990, 0.319957  
4.842408, 0.019961  
4.834810, 0.417262  
4.827198, 0.899365  
4.819570, 0.509203  
4.811928, 0.026259  
4.804271, 0.697069  
4.796598, 1.525303  
4.788911, 0.869020  
4.781208, 0.037440  
4.773491, 1.261172  
4.765758, 2.814997  
4.758011, 1.626220  
4.750249, 0.060187  
4.742472, 2.541170  
4.734680, 5.834188  
4.726874, 3.457519  
4.719052, 0.115641  
4.711216, 5.974341  
4.703365, 14.328588  
4.695499, 8.887455  
4.687618, 0.290147  
4.679723, 17.879984  
4.671813, 46.275693  
4.663888, 31.313797  
4.655949, 1.117626  
4.647995, 82.912119  
4.640027, 252.651205  
4.632043, 210.187113  
4.624046, 10.460288  
4.616033, 1159.760575  
4.608007, 6610.549353  
4.599965, 18499.170016  
4.591909, 35007.870086  
4.583839, 49713.082994  
4.575754, 55195.737672  
4.567655, 48431.757142  
4.559541, 33147.926926  
4.551413, 16917.909101  
4.543271, 5744.181249  
4.535114, 899.561975  
4.526943, 8.864035  
4.518757, 223.905753  
4.510558, 233.423578  
4.502344, 66.345589  
4.494115, 1.121073  
4.485873, 33.606539  
4.477616, 42.888982  
4.469345, 14.351091  
4.461060, 0.378575  
4.452761, 9.501739  
4.444447, 13.201071  
4.436120, 4.829922  
4.427778, 0.245574  
4.419422, 3.686921  
4.411053, 5.330901  
4.402669, 2.126288  
4.394271, 0.243852  
4.385859, 1.751465  
4.377433, 2.554371  
4.368994, 1.167927  
4.360540, 0.301276  
4.352072, 0.976804  
4.343591, 1.383258  
4.335096, 0.812543  
4.326586, 0.415597  
4.318063, 0.640672  
4.309527, 0.828881  
4.300976, 0.738543  
4.292412, 0.615720  
4.283833, 0.511600  
4.275242, 0.551323  
4.266636, 0.870498  
4.258017, 0.972317  
4.249384, 0.519203  
4.240738, 0.421817  
4.232078, 1.265027  
4.223404, 1.648452  
4.214717, 0.677854  
4.206016, 0.400888  
4.197301, 2.161732  
4.188574, 3.054809  
4.179832, 1.111449  
4.171077, 0.518970  
4.162309, 4.284468  
4.153528, 6.385464  
4.144732, 2.243754  
4.135924, 0.956561  
4.127102, 10.116693  
4.118267, 15.916245  
4.109419, 5.717616  
4.100557, 2.529824  
4.091682, 30.890686  
4.082794, 52.797631  
4.073892, 20.556238  
4.064978, 10.569942  
4.056050, 150.058275  
4.047109, 305.916334  
4.038155, 147.684829  
4.029187, 112.923403  
4.020207, 2467.447719  
4.011214, 10579.168513  
4.002207, 25804.653099  
3.993188, 44441.159233  
3.984155, 58420.602275  
3.975110, 60408.757169  
3.966051, 49305.130931  
3.956980, 31101.546573  
3.947896, 14288.330622  
3.938798, 4095.280119  
3.929688, 406.943105  
3.920565, 60.096910  
3.911430, 292.671178  
3.902281, 205.869452  
3.893120, 33.971062  
3.883946, 7.775725  
3.874759, 46.996285  
3.865560, 39.926757  
3.856347, 7.632873  
3.847123, 2.097887  
3.837885, 13.650674  
3.828635, 12.623851  
3.819372, 2.606088  
3.810097, 0.805507  
3.800809, 5.344746  
3.791509, 5.193755  
3.782196, 1.139187  
3.772871, 0.385671  
3.763533, 2.513938  
3.754182, 2.533020  
3.744820, 0.596465  
3.735445, 0.217589  
3.726057, 1.342379  
3.716658, 1.400954  
3.707246, 0.365871  
3.697821, 0.141169  
3.688384, 0.789376  
3.678936, 0.861888  
3.669474, 0.262557  
3.660001, 0.104329  
3.650516, 0.503145  
3.641018, 0.587992  
3.631508, 0.220685  
3.621986, 0.087384  
3.612452, 0.345567  
3.602906, 0.448340  
3.593348, 0.214984  
3.583778, 0.082330  
3.574196, 0.256270  
3.564602, 0.386659  
3.554996, 0.236986  
3.545378, 0.086206  
3.535748, 0.206971  
3.526106, 0.379622  
3.516452, 0.287494  
3.506787, 0.098886  
3.497110, 0.184319  
3.487421, 0.421992  
3.477720, 0.375382  
3.468008, 0.122696  
3.458283, 0.183135  
3.448548, 0.523049  
3.438800, 0.520676  
3.429041, 0.163323  
3.419270, 0.204255  
3.409488, 0.710777  
3.399694, 0.763697  
3.389888, 0.232650  
3.380071, 0.255471  
3.370243, 1.047060  
3.360403, 1.187546  
3.350552, 0.355939  
3.340689, 0.356654  
3.330815, 1.668091  
3.320929, 1.975938  
3.311032, 0.591106  
3.301124, 0.554571  
3.291204, 2.896608  
3.281274, 3.578978  
3.271332, 1.086791  
3.261378, 0.966701  
3.251414, 5.595835  
3.241438, 7.266490  
3.231452, 2.289542  
3.221454, 1.930201  
3.211445, 12.517827  
3.201425, 17.416542  
3.191393, 5.883994  
3.181351, 4.633801  
3.171298, 35.117627  
3.161234, 54.621066  
3.151159, 21.001388  
3.141073, 14.954926  
3.130976, 149.248774  
3.120868, 289.892257  
3.110750, 147.768223  
3.100620, 93.275985  
3.090480, 1931.528723  
3.080329, 8288.922747  
3.070167, 20499.648765  
3.059995, 36848.304996  
3.049812, 53126.465063  
3.039618, 65125.727830  
3.029413, 70631.700585  
3.019198, 69330.694496  
3.008972, 61674.484945  
2.998736, 48674.115034  
2.988489, 32715.120104  
2.978232, 17594.274329  
2.967964, 6798.213633  
2.957685, 1451.618350  
2.947397, 51.063630  
2.937097, 165.835776  
2.926788, 267.365633  
2.916468, 121.911042  
2.906137, 9.666864  
2.895797, 24.551595  
2.885446, 51.927695  
2.875084, 29.468141  
2.864713, 3.311136  
2.854331, 7.291408  
2.843939, 16.925568  
2.833537, 10.648608  
2.823125, 1.647284  
2.812703, 3.312010  
2.802270, 7.349089  
2.791828, 4.829562  
2.781375, 1.176866  
2.770913, 2.237874  
2.760440, 3.995923  
2.749958, 2.577593  
2.739465, 1.193972  
2.728963, 2.230069  
2.718451, 2.781305  
2.707929, 1.600032  
2.697397, 1.595637  
2.686855, 3.018229  
2.676304, 2.641848  
2.665742, 1.195500  
2.655171, 2.591745  
2.644591, 5.050501  
2.634000, 3.529283  
2.623400, 1.163636  
2.612791, 4.949475  
2.602172, 10.045190  
2.591543, 6.408773  
2.580904, 1.616934  
2.570257, 11.327838  
2.559599, 24.266820  
2.548932, 15.437365  
2.538256, 3.413625  
2.527571, 33.602207  
2.516875, 78.075239  
2.506171, 52.863080  
2.495457, 12.030845  
2.484734, 157.811201  
2.474002, 429.967269  
2.463260, 346.918989  
2.452510, 107.222917  
2.441750, 2396.316292  
2.430980, 12270.361163  
2.420202, 33258.034124  
2.409415, 62079.630452  
2.398618, 87636.218230  
2.387812, 97197.806448  
2.376998, 85564.022248  
2.366174, 59073.956592  
2.355341, 30706.475335  
2.344500, 10877.988824  
2.333649, 1988.530694  
2.322790, 123.072234  
2.311921, 387.100363  
2.301044, 406.718007  
2.290158, 131.521504  
2.279263, 22.167477  
2.268360, 80.250675  
2.257447, 89.070524  
2.246526, 32.109289  
2.235596, 33.047866  
2.224658, 87.842377  
2.213711, 76.106754  
2.202755, 26.011504  
2.191791, 142.918323  
2.180818, 396.660822  
2.169837, 348.016451  
2.158847, 145.012816  
2.147848, 2201.080142  
2.136842, 11183.217039  
2.125826, 30527.628062  
2.114803, 57509.006381  
2.103771, 82026.687072  
2.092730, 92055.278342  
2.081682, 82181.240594  
2.070625, 57746.008857  
2.059560, 30753.124723  
2.048486, 11364.212180  
2.037405, 2378.966601  
2.026315, 321.379767  
2.015217, 483.436286  
2.004111, 941.878281  
1.992997, 3041.107019  
1.981874, 9189.959943  
1.970744, 20090.642248  
1.959606, 33174.399041  
1.948460, 43320.142948  
1.937305, 45746.296654  
1.926143, 39217.682991  
1.914973, 26964.114718  
1.903795, 14402.402518  
1.892609, 5599.553431  
1.881416, 1399.714472  
1.870214, 241.483893  
1.859005, 185.865739  
1.847788, 189.140500  
1.836564, 92.796295  
1.825331, 61.421849  
1.814091, 157.650100  
1.802844, 222.847939  
1.791589, 141.056763  
1.780326, 501.718069  
1.769056, 3059.170308  
1.757778, 9951.416692  
1.746492, 21585.990014  
1.735200, 34918.226450  
1.723900, 44303.346596  
1.712592, 45005.305499  
1.701277, 36645.423688  
1.689955, 23506.153600  
1.678625, 11381.105739  
1.667288, 3800.480596  
1.655944, 727.829409  
1.644592, 135.412415  
1.633234, 249.868331  
1.621868, 355.905280  
1.610495, 266.324857  
1.599115, 61.690550  
1.587728, 788.277563  
1.576333, 4849.194577  
1.564932, 14524.769278  
1.553524, 29150.007042  
1.542109, 43696.997084  
1.530686, 51053.004706  
1.519257, 47051.129599  
1.507821, 34305.856069  
1.496378, 21261.480804  
1.484928, 16609.535145  
1.473472, 23162.186735  
1.462008, 35911.177688  
1.450538, 45749.223063  
1.439061, 45898.188281  
1.427578, 36126.659666  
1.416088, 21876.581596  
1.404591, 9632.962904  
1.393087, 2665.096546  
1.381577, 371.167862  
1.370060, 905.170908  
1.358537, 3909.043455  
1.347008, 10554.455822  
1.335471, 21112.669372  
1.323929, 32865.580785  
1.312380, 40847.281121  
1.300824, 41078.825970  
1.289263, 33461.676200  
1.277694, 21773.720951  
1.266120, 10935.206341  
1.254539, 4124.359768  
1.242952, 2053.918770  
1.231359, 4243.443365  
1.219760, 10209.050444  
1.208154, 19134.578741  
1.196543, 28805.502731  
1.184925, 35672.805590  
1.173301, 36647.985157  
1.161671, 31189.845464  
1.150036, 21761.163281  
1.138394, 12207.553575  
1.126746, 5387.447384  
1.115092, 1858.945682  
1.103433, 490.577318  
1.091767, 378.306887  
1.080096, 2341.335196  
1.068419, 8351.690440  
1.056736, 18959.447538  
1.045047, 31105.569975  
1.033352, 39191.977984  
1.021652, 39460.330892  
1.009946, 33850.485296  
0.998235, 29020.550851  
0.986518, 30612.196770  
0.974795, 37955.603289  
0.963067, 44468.256405  
0.951333, 43469.685860  
0.939594, 33799.673240  
0.927849, 20162.662855  
0.916099, 8654.148647  
0.904344, 2312.310988  
0.892583, 517.696570  
0.880816, 1586.638812  
0.869045, 5082.604742  
0.857268, 11571.136087  
0.845486, 20634.141035  
0.833698, 29603.627427  
0.821906, 34607.323662  
0.810108, 33399.354555  
0.798305, 27754.077903  
0.786497, 23032.388020  
0.774684, 24387.116042  
0.762865, 32203.719486  
0.751042, 41134.223702  
0.739214, 44746.184589  
0.727381, 42263.097322  
0.715543, 40499.412955  
0.703699, 47712.932371  
0.691852, 64486.057617  
0.679999, 81186.225845  
0.668141, 85963.686969  
0.656279, 76247.838940  
0.644411, 62044.430149  
0.632539, 56978.796202  
0.620663, 65535.984109  
0.608781, 78994.369611  
0.596895, 83744.764905  
0.585005, 73508.527592  
0.573109, 54009.009712  
0.561210, 36942.351293  
0.549305, 30090.224809  
0.537396, 32434.886749  
0.525483, 37018.902867  
0.513565, 37386.373282  
0.501643, 31772.138812  
0.489717, 22607.418209  
0.477786, 13309.502810  
0.465850, 6088.187508  
0.453911, 2624.546682  
0.441967, 5831.406551  
0.430019, 19185.055568  
0.418067, 42722.836037  
0.406110, 69508.051349  
0.394150, 87575.883024  
0.382185, 87497.876388  
0.370216, 69380.930151  
0.358243, 42726.514901  
0.346266, 19286.735495  
0.334285, 5709.858339  
0.322300, 2074.735939  
0.310312, 5615.850202  
0.298319, 14114.938656  
0.286322, 25599.319806  
0.274322, 36473.528365  
0.262317, 41959.170772  
0.250309, 39172.566358  
0.238297, 29471.803242  
0.226282, 17465.066409  
0.214262, 7763.315384  
0.202239, 2446.877884  
0.190213, 787.607032  
0.178182, 673.224803  
0.166148, 554.214194  
0.154111, 803.912175  
0.142070, 3383.144510  
0.130025, 9890.641513  
0.117977, 20560.636778  
0.105926, 36982.631093  
0.093871, 66696.066579  
0.081813, 122825.769776  
0.069752, 214465.183997  
0.057687, 333712.603246  
0.045619, 452302.267607  
0.033547, 534714.259121  
0.021472, 559515.734691  
0.009395, 531625.780331  
-0.002686, 475250.049980  
-0.014771, 414328.317724  
-0.026858, 358111.870821  
-0.038948, 303282.525903  
-0.051042, 246795.469604  
-0.063138, 193400.676761  
-0.075238, 150572.484859  
-0.087340, 121799.703567  
-0.099445, 112996.030636  
-0.111554, 147015.776416  
-0.123665, 261117.043061  
-0.135779, 473492.862450  
-0.147895, 743829.166943  
-0.160015, 974080.160835  
-0.172137, 1064805.441199  
-0.184262, 985117.175593  
-0.196390, 793980.307191  
-0.208521, 593905.902680  
-0.220654, 460182.025434  
-0.232789, 404921.081970  
-0.244927, 394477.282139  
-0.257068, 390395.342376  
-0.269212, 375152.091848  
-0.281357, 350945.977854  
-0.293506, 325680.762385  
-0.305656, 302786.973345  
-0.317809, 279675.668532  
-0.329965, 251158.296844  
-0.342122, 213668.348532  
-0.354282, 168027.507919  
-0.366445, 119588.218377  
-0.378609, 75903.744899  
-0.390776, 43665.997791  
-0.402945, 26905.420669  
-0.415116, 27284.663373  
-0.427290, 45957.804967  
-0.439465, 85150.742437  
-0.451642, 146678.413929  
-0.463822, 226297.976785  
-0.476003, 308004.199431  
-0.488187, 366185.272402  
-0.500372, 379040.428687  
-0.512560, 345087.804974  
-0.524749, 287733.187013  
-0.536940, 240713.430402  
-0.549133, 224529.502234  
-0.561327, 233527.362962  
-0.573524, 244259.504508  
-0.585722, 236448.996778  
-0.597922, 207449.094276  
-0.610123, 169285.091478  
-0.622327, 134651.901370  
-0.634531, 106861.257861  
-0.646738, 81643.377542  
-0.658946, 55571.303241  
-0.671155, 30843.797434  
-0.683366, 12531.108295  
-0.695579, 3077.727018  
-0.707792, 382.981146  
-0.720008, 414.609910  
-0.732224, 528.015373  
-0.744442, 269.694336  
-0.756662, 75.640134  
-0.768882, 90.302997  
-0.781104, 124.796882  
-0.793327, 79.339351  
-0.805551, 30.489020  
-0.817777, 34.251733  
-0.830003, 49.346551  
-0.842231, 36.323880  
-0.854460, 16.353157  
-0.866690, 17.530789  
-0.878920, 27.780594  
-0.891152, 23.711400  
-0.903385, 11.244550  
-0.915618, 12.294979  
-0.927853, 25.319741  
-0.940088, 26.019766  
-0.952325, 11.667089  
-0.964562, 15.363612  
-0.976799, 48.124436  
-0.989038, 59.310640  
-1.001277, 25.083644  
-1.013517, 48.856649  
-1.025758, 214.840929  
-1.037999, 318.851746  
-1.050241, 150.277825  
-1.062483, 624.943405  
-1.074726, 4616.154779  
-1.086969, 15609.668129  
-1.099213, 34130.560215  
-1.111457, 54997.633416  
-1.123702, 69006.868762  
-1.135947, 68876.807309  
-1.148192, 54671.566866  
-1.160438, 33754.935930  
-1.172684, 15316.741936  
-1.184930, 4456.581328  
-1.197177, 570.326812  
-1.209424, 142.752956  
-1.221670, 317.961623  
-1.233917, 210.580265  
-1.246165, 45.461347  
-1.258412, 23.047604  
-1.270659, 55.174744  
-1.282906, 43.029019  
-1.295153, 13.003505  
-1.307401, 9.506051  
-1.319648, 18.948494  
-1.331895, 16.908355  
-1.344142, 9.558202  
-1.356388, 9.062561  
-1.368635, 11.861401  
-1.380881, 13.388714  
-1.393127, 15.755187  
-1.405373, 16.864569  
-1.417618, 15.970438  
-1.429863, 24.889045  
-1.442108, 45.061016  
-1.454352, 51.251958  
-1.466596, 47.765066  
-1.478839, 106.273335  
-1.491082, 237.864730  
-1.503324, 296.283168  
-1.515566, 432.639836  
-1.527807, 2091.037062  
-1.540048, 8336.180721  
-1.552288, 22089.311303  
-1.564527, 42772.054213  
-1.576766, 64354.364631  
-1.589004, 77658.953479  
-1.601241, 76124.820166  
-1.613477, 60487.980087  
-1.625712, 38264.003970  
-1.637947, 18493.767623  
-1.650180, 6299.323366  
-1.662413, 1350.636644  
-1.674645, 336.712032  
-1.686876, 338.372545  
-1.699105, 296.586485  
-1.711334, 303.386957  
-1.723562, 376.196787  
-1.735788, 341.319255  
-1.748014, 987.936653  
-1.760238, 5058.876914  
-1.772461, 16264.003118  
-1.784683, 36109.499944  
-1.796903, 60944.555979  
-1.809123, 82490.771669  
-1.821341, 92486.992458  
-1.833557, 88022.150115  
-1.845773, 73029.387724  
-1.857987, 54868.023386  
-1.870199, 39353.031496  
-1.882410, 28314.535992  
-1.894619, 20592.126067  
-1.906827, 14427.321144  
-1.919034, 9358.510107  
-1.931239, 7249.720514  
-1.943442, 12152.946081  
-1.955643, 27963.802430  
-1.967843, 54152.449311  
-1.980041, 82973.515213  
-1.992238, 102135.581517  
-2.004432, 102426.884501  
-2.016625, 84275.011003  
-2.028816, 57249.527885  
-2.041006, 32900.286737  
-2.053193, 17411.257254  
-2.065378, 9929.429722  
-2.077562, 6354.205930  
-2.089743, 3750.424273  
-2.101923, 1609.472550  
-2.114100, 394.867426  
-2.126276, 77.274822  
-2.138449, 109.724955  
-2.150620, 110.384505  
-2.162789, 78.846235  
-2.174956, 78.390228  
-2.187120, 64.308987  
-2.199283, 63.160961  
-2.211443, 201.627572  
-2.223600, 370.740673  
-2.235756, 255.308407  
-2.247909, 447.367913  
-2.260060, 3755.730447  
-2.272208, 14448.122097  
-2.284354, 34523.123049  
-2.296497, 59737.351018  
-2.308638, 79931.100019  
-2.320776, 85018.124944  
-2.332912, 72254.949699  
-2.345045, 48343.647366  
-2.357175, 24404.186275  
-2.369303, 8422.881739  
-2.381428, 1548.612937  
-2.393550, 167.604355  
-2.405670, 340.593115  
-2.417786, 318.093258  
-2.429900, 109.807694  
-2.442012, 31.842477  
-2.454120, 63.772290  
-2.466225, 70.440734  
-2.478328, 45.817672  
-2.490427, 38.840721  
-2.502523, 45.519832  
-2.514617, 60.024747  
-2.526707, 116.310839  
-2.538795, 189.670170  
-2.550879, 177.739792  
-2.562960, 267.893460  
-2.575038, 1559.227159  
-2.587112, 6225.986735  
-2.599184, 16496.070417  
-2.611252, 32626.546104  
-2.623317, 51310.165346  
-2.635378, 66255.382746  
-2.647436, 71280.588193  
-2.659491, 64053.219199  
-2.671543, 47660.924038  
-2.683591, 28703.434979  
-2.695635, 13358.519477  
-2.707676, 4370.837862  
-2.719713, 829.069390  
-2.731747, 149.006779  
-2.743778, 214.106378  
-2.755804, 188.137764  
-2.767827, 77.958698  
-2.779847, 28.068016  
-2.791862, 35.044531  
-2.803874, 35.949811  
-2.815882, 19.355603  
-2.827887, 8.971724  
-2.839887, 10.619160  
-2.851884, 11.571761  
-2.863877, 7.142223  
-2.875866, 3.823498  
-2.887850, 4.443756  
-2.899831, 4.969957  
-2.911808, 3.330946  
-2.923781, 1.994352  
-2.935750, 2.329804  
-2.947715, 2.614983  
-2.959675, 1.846954  
-2.971632, 1.241193  
-2.983584, 1.489891  
-2.995532, 1.642976  
-3.007476, 1.199381  
-3.019416, 0.928017  
-3.031351, 1.167851  
-3.043282, 1.240714  
-3.055208, 0.924317  
-3.067130, 0.847870  
-3.079048, 1.129532  
-3.090962, 1.144382  
-3.102870, 0.865910  
-3.114775, 0.948896  
-3.126675, 1.330080  
-3.138570, 1.291433  
-3.150460, 0.997018  
-3.162346, 1.275086  
-3.174228, 1.852453  
-3.186104, 1.749665  
-3.197976, 1.393544  
-3.209844, 2.006189  
-3.221706, 2.983005  
-3.233564, 2.785285  
-3.245417, 2.319172  
-3.257265, 3.665252  
-3.269108, 5.558692  
-3.280946, 5.200872  
-3.292779, 4.592103  
-3.304607, 7.958346  
-3.316431, 12.435031  
-3.328249, 11.805134  
-3.340062, 11.252901  
-3.351870, 22.147965  
-3.363673, 36.885040  
-3.375471, 36.144049  
-3.387263, 38.483904  
-3.399051, 96.613163  
-3.410833, 189.009135  
-3.422610, 199.780208  
-3.434382, 278.009073  
-3.446148, 1471.642897  
-3.457909, 5911.981771  
-3.469664, 15789.358159  
-3.481414, 31326.297875  
-3.493159, 49232.017113  
-3.504898, 63366.906339  
-3.516632, 67882.768301  
-3.528360, 60872.310576  
-3.540083, 45627.194624  
-3.551800, 28311.808327  
-3.563512, 14073.387659  
-3.575217, 5158.393610  
-3.586918, 2419.749425  
-3.598612, 7612.243164  
-3.610301, 22686.174820  
-3.621984, 45914.083256  
-3.633661, 69339.403166  
-3.645332, 81885.613054  
-3.656998, 76781.788716  
-3.668657, 56788.833375  
-3.680311, 32141.490602  
-3.691959, 12991.568755  
-3.703601, 3194.156624  
-3.715237, 421.739004  
-3.726866, 1237.831746  
-3.738490, 5517.653147  
-3.750108, 16078.904608  
-3.761720, 34353.085552  
-3.773325, 56554.482719  
-3.784924, 74235.841342  
-3.796518, 79230.887389  
-3.808105, 69134.288282  
-3.819685, 48888.102309  
-3.831260, 27279.286332  
-3.842828, 11362.032487  
-3.854389, 3171.400883  
-3.865945, 547.105496  
-3.877494, 241.388980  
-3.889037, 264.890407  
-3.900573, 153.810914  
-3.912102, 57.786871  
-3.923626, 45.246073  
-3.935142, 48.340110  
-3.946652, 30.681064  
-3.958156, 15.319777  
-3.969653, 15.285680  
-3.981143, 16.375336  
-3.992627, 10.590177  
-4.004103, 6.029187  
-4.015574, 7.360815  
-4.027037, 8.529763  
-4.038494, 5.540233  
-4.049943, 3.080902  
-4.061386, 5.058714  
-4.072822, 7.172708  
-4.084251, 4.717312  
-4.095674, 2.063995  
-4.107089, 5.497855  
-4.118497, 10.068103  
-4.129899, 6.810675  
-4.141293, 2.072753  
-4.152680, 9.761506  
-4.164060, 21.517755  
-4.175433, 15.201795  
-4.186799, 3.684771  
-4.198158, 26.901164  
-4.209509, 67.064092  
-4.220853, 51.001145  
-4.232190, 12.537775  
-4.243520, 125.285177  
-4.254842, 365.551880  
-4.266157, 329.042505  
-4.277465, 112.997800  
-4.288765, 1925.375776  
-4.300058, 10189.542336  
-4.311343, 28318.668191  
-4.322621, 53950.282886  
-4.333891, 77584.086992  
-4.345154, 87632.035606  
-4.356409, 78643.878963  
-4.367656, 55502.909736  
-4.378896, 29663.356003  
-4.390129, 10954.146385  
-4.401353, 2178.569844  
-4.412570, 130.887025  
-4.423779, 318.258414  
-4.434981, 378.291778  
-4.446174, 138.957773  
-4.457360, 14.509613  
-4.468538, 49.835261  
-4.479708, 69.375897  
-4.490870, 30.493353  
-4.502025, 5.791031  
-4.513171, 16.152662  
-4.524309, 22.760816  
-4.535440, 12.627761  
-4.546562, 6.341738  
-4.557676, 10.053779  
-4.568782, 11.973823  
-4.579880, 10.731646  
-4.590970, 12.713623  
-4.602051, 14.182953  
-4.613125, 12.442132  
-4.624190, 19.373556  
-4.635247, 36.994822  
-4.646296, 40.851462  
-4.657336, 29.039305  
-4.668368, 62.868817  
-4.679392, 175.055777  
-4.690407, 240.903910  
-4.701414, 153.315110  
-4.712412, 452.260522  
-4.723402, 2922.778950  
-4.734383, 10262.892894  
-4.745356, 24422.166960  
-4.756320, 44445.211475  
-4.767276, 65537.510316  
-4.778223, 80593.422124  
-4.789161, 83704.867060  
-4.800091, 73505.669644  
-4.811012, 54038.107476  
-4.821925, 32464.756423  
-4.832828, 15190.705309  
-4.843723, 5014.013188  
-4.854609, 936.325447  
-4.865486, 141.642128  
-4.876355, 239.556650  
-4.887214, 227.819242  
-4.898065, 95.100851  
-4.908906, 28.121163  
-4.919739, 37.891953  
-4.930563, 43.996036  
-4.941377, 24.171369  
-4.952183, 9.100583  
-4.962980, 11.102310  
-4.973767, 14.030257  
-4.984545, 8.898689  
-4.995315, 3.819269  
-5.006075, 4.420197  
-5.016825, 5.830721  
-5.027567, 4.036489  
-5.038299, 1.888990  
-5.049022, 2.121166  
-5.059736, 2.859438  
-5.070441, 2.097451  
-5.081136, 1.047154  
-5.091821, 1.155283  
-5.102498, 1.571444  
-5.113164, 1.199921  
-5.123822, 0.631437  
-5.134470, 0.689655  
-5.145108, 0.938687  
-5.155737, 0.737702  
-5.166356, 0.406231  
-5.176965, 0.441325  
-5.187565, 0.597629  
-5.198156, 0.479703  
-5.208737, 0.275138  
-5.219307, 0.298204  
-5.229869, 0.400150  
-5.240420, 0.326312  
-5.250962, 0.194310  
-5.261494, 0.210488  
-5.272016, 0.279094  
-5.282528, 0.230354  
-5.293030, 0.142071  
-5.303523, 0.153977  
-5.314005, 0.201350  
-5.324478, 0.167749  
-5.334940, 0.106953  
-5.345393, 0.116034  
-5.355835, 0.149449  
-5.366268, 0.125440  
-5.376690, 0.082545  
-5.387102, 0.089658  
-5.397504, 0.113649  
-5.407896, 0.095973  
-5.418278, 0.065089  
-5.428649, 0.070772  
-5.439011, 0.088252  
-5.449362, 0.074910  
-5.459702, 0.052291  
-5.470033, 0.056902  
-5.480353, 0.069794  
-5.490662, 0.059509  
-5.500962, 0.042702  
-5.511250, 0.046487  
-5.521529, 0.056089  
-5.531797, 0.048020  
-5.542054, 0.035379  
-5.552301, 0.038514  
-5.562537, 0.045723  
-5.572763, 0.039297  
-5.582978, 0.029689  
-5.593183, 0.032306  
-5.603377, 0.037750  
-5.613560, 0.032567  
-5.623732, 0.025202  
-5.633894, 0.027398  
-5.644045, 0.031526  
-5.654185, 0.027300  
-5.664315, 0.021613  
-5.674433, 0.023465  
-5.684541, 0.026602  
-5.694638, 0.023124  
-5.704724, 0.018708  
-5.714799, 0.020275  
-5.724863, 0.022658  
-5.734916, 0.019774  
-5.744959, 0.016330  
-5.754990, 0.017660  
-5.765010, 0.019465  
-5.775019, 0.017058  
-5.785017, 0.014362  
-5.795003, 0.015493  
-5.804979, 0.016854  
-5.814944, 0.014833  
-5.824897, 0.012720  
-5.834839, 0.013683  
-5.844770, 0.014699  
-5.854689, 0.012994  
-5.864597, 0.011338  
-5.874494, 0.012157  
-5.884380, 0.012905  
-5.894254, 0.011461  
-5.904117, 0.010164  
-5.913968, 0.010862  
-5.923808, 0.011400  
-5.933637, 0.010173  
-5.943454, 0.009161  
-5.953259, 0.009754  
-5.963053, 0.010129  
-5.972835, 0.009084  
-5.982606, 0.008298  
-5.992365, 0.008801  
-6.002113, 0.009047  
-6.011849, 0.008155  
-6.021573, 0.007551  
-6.031285, 0.007977  
-6.040986, 0.008121  
-6.050675, 0.007359  
-6.060352, 0.006900  
-6.070018, 0.007259  
-6.079671, 0.007323  
-6.089313, 0.006673  
-6.098943, 0.006330  
-6.108561, 0.006631  
-6.118167, 0.006633  
-6.127761, 0.006077  
-6.137343, 0.005828  
-6.146913, 0.006079  
-6.156471, 0.006032  
-6.166017, 0.005558  
-6.175551, 0.005385  
-6.185073, 0.005591  
-6.194583, 0.005507  
-6.204081, 0.005103  
-6.213566, 0.004991  
-6.223040, 0.005159  
-6.232501, 0.005046  
-6.241950, 0.004702  
-6.251386, 0.004640  
-6.260811, 0.004774  
-6.270223, 0.004639  
-6.279622, 0.004348  
-6.289010, 0.004326  
-6.298385, 0.004430  
-6.307748, 0.004279  
-6.317098, 0.004034  
-6.326436, 0.004043  
-6.335761, 0.004122  
-6.345074, 0.003958  
-6.354374, 0.003754  
-6.363662, 0.003789  
-6.372937, 0.003845  
-6.382200, 0.003672  
-6.391450, 0.003503  
-6.400688, 0.003559  
-6.409913, 0.003595  
-6.419125, 0.003417  
-6.428324, 0.003278  
-6.437511, 0.003350  
-6.446685, 0.003368  
-6.455846, 0.003187  
-6.464995, 0.003076  
-6.474131, 0.003160  
-6.483253, 0.003163  
-6.492363, 0.002980  
-6.501461, 0.002893  
-6.510545, 0.002987  
-6.519616, 0.002976  
-6.528675, 0.002793  
-6.537720, 0.002727  
-6.546753, 0.002828  
-6.555772, 0.002805  
-6.564779, 0.002623  
-6.573772, 0.002576  
-6.582752, 0.002683  
-6.591720, 0.002649  
-6.600674, 0.002470  
-6.609615, 0.002439  
-6.618543, 0.002549  
-6.627457, 0.002506  
-6.636359, 0.002329  
-6.645247, 0.002313  
-6.654122, 0.002426  
-6.662984, 0.002375  
-6.671832, 0.002202  
-6.680667, 0.002198  
-6.689489, 0.002313  
-6.698298, 0.002254  
-6.707093, 0.002084  
-6.715874, 0.002093  
-6.724643, 0.002208  
-6.733397, 0.002143  
-6.742139, 0.001977  
-6.750867, 0.001995  
-6.759581, 0.002111  
-6.768282, 0.002040  
-6.776969, 0.001879  
-6.785643, 0.001906  
-6.794303, 0.002021  
-6.802949, 0.001945  
-6.811582, 0.001788  
-6.820201, 0.001823  
-6.828807, 0.001937  
-6.837399, 0.001857  
-6.845977, 0.001704  
-6.854541, 0.001746  
-6.863092, 0.001859  
-6.871628, 0.001775  
-6.880151, 0.001627  
-6.888661, 0.001675  
-6.897156, 0.001786  
-6.905637, 0.001699  
-6.914105, 0.001555  
-6.922559, 0.001609  
-6.930998, 0.001718  
-6.939424, 0.001628  
-6.947836, 0.001489  
-6.956234, 0.001548  
-6.964618, 0.001654  
-6.972987, 0.001562  
-6.981343, 0.001427  
-6.989685, 0.001491  
-6.998012, 0.001595  
-7.006326, 0.001500  
-7.014625, 0.001370  
-7.022910, 0.001437  
-7.031181, 0.001539  
-7.039438, 0.001443  
-7.047680, 0.001316  
-7.055909, 0.001388  
-7.064123, 0.001486  
-7.072323, 0.001389  
-7.080508, 0.001267  
-7.088679, 0.001341  
-7.096836, 0.001437  
-7.104978, 0.001338  
-7.113106, 0.001220  
-7.121220, 0.001297  
-7.129319, 0.001391  
-7.137404, 0.001291  
-7.145474, 0.001177  
-7.153530, 0.001256  
-7.161572, 0.001347  
-7.169599, 0.001246  
-7.177611, 0.001136  
-7.185609, 0.001217  
-7.193592, 0.001306  
-7.201560, 0.001204  
-7.209514, 0.001098  
-7.217454, 0.001181  
-7.225378, 0.001267  
-7.233288, 0.001165  
-7.241183, 0.001062  
-7.249064, 0.001147  
-7.256930, 0.001230  
-7.264781, 0.001127  
-7.272617, 0.001028  
-7.280439, 0.001115  
-7.288245, 0.001196  
-7.296037, 0.001092  
-7.303814, 0.000997  
-7.311576, 0.001084  
-7.319324, 0.001163  
-7.327056, 0.001059  
-7.334773, 0.000967  
-7.342476, 0.001056  
-7.350163, 0.001132  
-7.357836, 0.001028  
-7.365493, 0.000939  
-7.373136, 0.001029  
-7.380763, 0.001102  
-7.388375, 0.000999  
-7.395973, 0.000913  
-7.403555, 0.001003  
-7.411122, 0.001074  
-7.418674, 0.000971  
-7.426211, 0.000888  
-7.433732, 0.000979  
-7.441239, 0.001048  
-7.448730, 0.000944  
-7.456206, 0.000864  
-7.463667, 0.000956  
-7.471112, 0.001023  
-7.478542, 0.000919  
-7.485957, 0.000842  
-7.493357, 0.000934  
-7.500741, 0.000999  
-7.508110, 0.000896  
-7.515463, 0.000821  
-7.522801, 0.000914  
-7.530124, 0.000976  
-7.537431, 0.000873  
-7.544723, 0.000801  
-7.551999, 0.000894  
-7.559260, 0.000955  
-7.566506, 0.000852  
-7.573735, 0.000783  
-7.580950, 0.000876  
-7.588148, 0.000935  
-7.595332, 0.000832  
-7.602499, 0.000765  
-7.609651, 0.000858  
-7.616788, 0.000915  
-7.623908, 0.000813  
-7.631013, 0.000748  
-7.638103, 0.000841  
-7.645176, 0.000897  
-7.652234, 0.000795  
-7.659277, 0.000732  
-7.666303, 0.000825  
-7.673314, 0.000879  
-7.680309, 0.000778  
-7.687288, 0.000717  
-7.694251, 0.000810  
-7.701199, 0.000862  
-7.708130, 0.000761  
-7.715046, 0.000703  
-7.721946, 0.000796  
-7.728830, 0.000846  
-7.735698, 0.000746  
-7.742550, 0.000689  
-7.749386, 0.000783  
-7.756206, 0.000831  
-7.763010, 0.000731  
-7.769799, 0.000676  
-7.776571, 0.000770  
-7.783327, 0.000817  
-7.790067, 0.000717  
-7.796791, 0.000664  
-7.803499, 0.000757  
-7.810191, 0.000803  
-7.816866, 0.000703  
-7.823526, 0.000652  
-7.830169, 0.000746  
-7.836797, 0.000790  
-7.843408, 0.000691  
-7.850003, 0.000642  
-7.856581, 0.000735  
-7.863144, 0.000778  
-7.869690, 0.000679  
-7.876220, 0.000631  
-7.882733, 0.000724  
-7.889230, 0.000766  
-7.895711, 0.000667  
-7.902176, 0.000621  
-7.908624, 0.000714  
-7.915056, 0.000755  
-7.921472, 0.000657  
-7.927871, 0.000612  
-7.934254, 0.000705  
-7.940620, 0.000744  
-7.946970, 0.000646  
-7.953303, 0.000603  
-7.959620, 0.000696  
-7.965921, 0.000734  
-7.972205, 0.000636  
-7.978472, 0.000595  
-7.984723, 0.000688  
-7.990957, 0.000724  
-7.997175, 0.000627  
-8.003376, 0.000587  
-8.009561, 0.000680  
-8.015729, 0.000715  
-8.021880, 0.000618  
-8.028015, 0.000580  
-8.034133, 0.000672  
-8.040235, 0.000706  
-8.046319, 0.000610  
-8.052387, 0.000573  
-8.058439, 0.000665  
-8.064473, 0.000698  
-8.070491, 0.000602  
-8.076492, 0.000566  
-8.082476, 0.000658  
-8.088444, 0.000691  
-8.094394, 0.000595  
-8.100328, 0.000560  
-8.106245, 0.000652  
-8.112145, 0.000683  
-8.118029, 0.000588  
-8.123895, 0.000554  
-8.129745, 0.000646  
-8.135577, 0.000677  
-8.141393, 0.000581  
-8.147192, 0.000548  
-8.152973, 0.000641  
-8.158738, 0.000670  
-8.164486, 0.000575  
-8.170217, 0.000543  
-8.175931, 0.000635  
-8.181627, 0.000664  
-8.187307, 0.000569  
-8.192970, 0.000539  
-8.198616, 0.000631  
-8.204244, 0.000658  
-8.209856, 0.000564  
-8.215450, 0.000534  
-8.221027, 0.000626  
-8.226587, 0.000653  
-8.232130, 0.000559  
-8.237656, 0.000530  
-8.243165, 0.000622  
-8.248656, 0.000648  
-8.254131, 0.000554  
-8.259588, 0.000526  
-8.265027, 0.000618  
-8.270450, 0.000644  
-8.275855, 0.000550  
-8.281243, 0.000523  
-8.286614, 0.000615  
-8.291968, 0.000640  
-8.297304, 0.000546  
-8.302623, 0.000520  
-8.307924, 0.000612  
-8.313208, 0.000636  
-8.318475, 0.000542  
-8.323724, 0.000517  
-8.328956, 0.000609  
-8.334171, 0.000632  
-8.339368, 0.000538  
-8.344548, 0.000514  
-8.349710, 0.000607  
-8.354855, 0.000629  
-8.359983, 0.000535  
-8.365093, 0.000512  
-8.370185, 0.000605  
-8.375260, 0.000627  
-8.380317, 0.000533  
-8.385357, 0.000510  
-8.390380, 0.000603  
-8.395385, 0.000624  
-8.400372, 0.000530  
-8.405341, 0.000508  
-8.410294, 0.000601  
-8.415228, 0.000622  
-8.420145, 0.000528  
-8.425044, 0.000507  
-8.429926, 0.000600  
-8.434790, 0.000620  
-8.439636, 0.000526  
-8.444465, 0.000506  
-8.449276, 0.000599  
-8.454069, 0.000619  
-8.458844, 0.000525  
-8.463602, 0.000505  
-8.468342, 0.000599  
-8.473065, 0.000618  
-8.477769, 0.000524  
-8.482456, 0.000504  
-8.487125, 0.000598  
-8.491776, 0.000617  
-8.496410, 0.000523  
-8.501025, 0.000504  
-8.505623, 0.000599  
-8.510203, 0.000617  
-8.514765, 0.000522  
-8.519309, 0.000504  
-8.523836, 0.000599  
-8.528344, 0.000617  
-8.532835, 0.000522  
-8.537308, 0.000504  
-8.541763, 0.000600  
-8.546199, 0.000617  
-8.550618, 0.000522  
-8.555019, 0.000505  
-8.559402, 0.000601  
-8.563767, 0.000618  
-8.568114, 0.000522  
-8.572444, 0.000506  
-8.576755, 0.000602  
-8.581048, 0.000619  
-8.585323, 0.000523  
-8.589580, 0.000507  
-8.593819, 0.000604  
-8.598040, 0.000621  
-8.602243, 0.000524  
-8.606427, 0.000509  
-8.610594, 0.000606  
-8.614743, 0.000622  
-8.618873, 0.000525  
-8.622985, 0.000511  
-8.627080, 0.000609  
-8.631156, 0.000625  
-8.635214, 0.000527  
-8.639254, 0.000513  
-8.643275, 0.000612  
-8.647279, 0.000627  
-8.651264, 0.000529  
-8.655231, 0.000515  
-8.659180, 0.000615  
-8.663111, 0.000630  
-8.667023, 0.000531  
-8.670917, 0.000518  
-8.674793, 0.000619  
-8.678651, 0.000634  
-8.682491, 0.000534  
-8.686312, 0.000521  
-8.690115, 0.000623  
-8.693899, 0.000638  
-8.697665, 0.000537  
-8.701413, 0.000525  
-8.705143, 0.000628  
-8.708854, 0.000642  
-8.712547, 0.000541  
-8.716222, 0.000529  
-8.719878, 0.000633  
-8.723516, 0.000647  
-8.727136, 0.000545  
-8.730737, 0.000534  
-8.734320, 0.000639  
-8.737884, 0.000652  
-8.741430, 0.000549  
-8.744958, 0.000538  
-8.748467, 0.000645  
-8.751958, 0.000658  
-8.755430, 0.000554  
-8.758884, 0.000544  
-8.762319, 0.000651  
-8.765736, 0.000665  
-8.769134, 0.000559  
-8.772514, 0.000550  
-8.775876, 0.000659  
-8.779219, 0.000672  
-8.782543, 0.000565  
-8.785849, 0.000556  
-8.789136, 0.000666  
-8.792405, 0.000679  
-8.795655, 0.000572  
-8.798887, 0.000563  
-8.802100, 0.000675  
-8.805295, 0.000688  
-8.808471, 0.000579  
-8.811628, 0.000570  
-8.814767, 0.000684  
-8.817887, 0.000697  
-8.820989, 0.000586  
-8.824072, 0.000578  
-8.827136, 0.000694  
-8.830182, 0.000706  
-8.833209, 0.000594  
-8.836218, 0.000587  
-8.839207, 0.000704  
-8.842179, 0.000717  
-8.845131, 0.000603  
-8.848065, 0.000596  
-8.850980, 0.000716  
-8.853877, 0.000728  
-8.856754, 0.000613  
-8.859613, 0.000606  
-8.862454, 0.000728  
-8.865275, 0.000741  
-8.868078, 0.000623  
-8.870862, 0.000616  
-8.873628, 0.000741  
-8.876375, 0.000754  
-8.879103, 0.000634  
-8.881812, 0.000628  
-8.884502, 0.000755  
-8.887174, 0.000768  
-8.889827, 0.000646  
-8.892461, 0.000641  
-8.895076, 0.000771  
-8.897673, 0.000783  
-8.900250, 0.000659  
-8.902809, 0.000654  
-8.905349, 0.000787  
-8.907870, 0.000800  
-8.910373, 0.000673  
-8.912856, 0.000669  
-8.915321, 0.000805  
-8.917767, 0.000818  
-8.920194, 0.000688  
-8.922602, 0.000684  
-8.924992, 0.000824  
-8.927362, 0.000837  
-8.929714, 0.000705  
-8.932046, 0.000701  
-8.934360, 0.000845  
-8.936655, 0.000858  
-8.938931, 0.000723  
-8.941188, 0.000720  
-8.943426, 0.000867  
-8.945646, 0.000881  
-8.947846, 0.000742  
-8.950027, 0.000739  
-8.952190, 0.000892  
-8.954333, 0.000906  
-8.956458, 0.000763  
-8.958564, 0.000761  
-8.960650, 0.000918  
-8.962718, 0.000933  
-8.964767, 0.000786  
-8.966797, 0.000784  
-8.968807, 0.000947  
-8.970799, 0.000962  
-8.972772, 0.000811  
-8.974726, 0.000810  
-8.976661, 0.000978  
-8.978577, 0.000994  
-8.980474, 0.000838  
-8.982352, 0.000838  
-8.984210, 0.001012  
-8.986050, 0.001028  
-8.987871, 0.000867  
-8.989673, 0.000868  
-8.991456, 0.001050  
-8.993219, 0.001067  
-8.994964, 0.000900  
-8.996690, 0.000902  
-8.998396, 0.001091  
-9.000084, 0.001109  
-9.001752, 0.000936  
-9.003402, 0.000939  
-9.005032, 0.001136  
-9.006644, 0.001155  
-9.008236, 0.000976  
-9.009809, 0.000980  
-9.011363, 0.001187  
-9.012898, 0.001207  
-9.014414, 0.001020  
-9.015911, 0.001025  
-9.017388, 0.001243  
-9.018847, 0.001264  
-9.020287, 0.001069  
-9.021707, 0.001076  
-9.023108, 0.001305  
-9.024490, 0.001328  
-9.025853, 0.001124  
-9.027197, 0.001133  
-9.028522, 0.001375  
-9.029828, 0.001400  
-9.031114, 0.001186  
-9.032382, 0.001197  
-9.033630, 0.001454  
-9.034859, 0.001482  
-9.036069, 0.001256  
-9.037260, 0.001269  
-9.038432, 0.001544  
-9.039584, 0.001575  
-9.040718, 0.001337  
-9.041832, 0.001353  
-9.042927, 0.001647  
-9.044003, 0.001682  
-9.045060, 0.001429  
-9.046098, 0.001449  
-9.047116, 0.001767  
-9.048115, 0.001806  
-9.049095, 0.001537  
-9.050056, 0.001561  
-9.050998, 0.001907  
-9.051921, 0.001951  
-9.052824, 0.001663  
-9.053708, 0.001693  
-9.054573, 0.002072  
-9.055419, 0.002124  
-9.056245, 0.001814  
-9.057053, 0.001851  
-9.057841, 0.002271  
-9.058610, 0.002332  
-9.059360, 0.001997  
-9.060090, 0.002044  
-9.060802, 0.002513  
-9.061494, 0.002588  
-9.062167, 0.002223  
-9.062821, 0.002283  
-9.063455, 0.002817  
-9.064071, 0.002910  
-9.064667, 0.002509  
-9.065244, 0.002587  
-9.065802, 0.003206  
-9.066340, 0.003327  
-9.066859, 0.002882  
-9.067359, 0.002988  
-9.067840, 0.003724  
-9.068302, 0.003886  
-9.068744, 0.003388  
-9.069167, 0.003539  
-9.069571, 0.004444  
-9.069956, 0.004676  
-9.070321, 0.004115  
-9.070668, 0.004343  
-9.070995, 0.005515  
-9.071302, 0.005875  
-9.071591, 0.005243  
-9.071860, 0.005625  
-9.072110, 0.007274  
-9.072341, 0.007911  
-9.072553, 0.007234  
-9.072745, 0.007988  
-9.072918, 0.010691  
-9.073072, 0.012121  
-9.073207, 0.011677  
-9.073322, 0.013793  
-9.073418, 0.020189  
-9.073495, 0.025961  
-9.073553, 0.030347  
-9.073592, 0.050570  
-9.073611, 0.181688  
