 -1.000000   0.011899  
 -0.999997   0.003170  
 -0.999992   0.001887  
 -0.999985   0.001690  
 -0.999975   0.001331  
 -0.999963   0.000871  
 -0.999948   0.000721  
 -0.999931   0.000784  
 -0.999911   0.000709  
 -0.999889   0.000509  
 -0.999864   0.000443  
 -0.999837   0.000509  
 -0.999807   0.000486  
 -0.999775   0.000361  
 -0.999741   0.000319  
 -0.999704   0.000376  
 -0.999664   0.000371  
 -0.999622   0.000281  
 -0.999578   0.000248  
 -0.999531   0.000298  
 -0.999482   0.000301  
 -0.999430   0.000231  
 -0.999376   0.000203  
 -0.999319   0.000246  
 -0.999260   0.000254  
 -0.999198   0.000196  
 -0.999134   0.000171  
 -0.999067   0.000210  
 -0.998998   0.000220  
 -0.998927   0.000171  
 -0.998853   0.000148  
 -0.998776   0.000183  
 -0.998697   0.000195  
 -0.998616   0.000152  
 -0.998532   0.000130  
 -0.998446   0.000162  
 -0.998357   0.000176  
 -0.998266   0.000137  
 -0.998172   0.000116  
 -0.998076   0.000145  
 -0.997977   0.000160  
 -0.997876   0.000126  
 -0.997772   0.000104  
 -0.997666   0.000132  
 -0.997558   0.000147  
 -0.997447   0.000116  
 -0.997334   0.000095  
 -0.997218   0.000121  
 -0.997099   0.000137  
 -0.996979   0.000108  
 -0.996855   0.000087  
 -0.996730   0.000111  
 -0.996602   0.000128  
 -0.996471   0.000101  
 -0.996338   0.000080  
 -0.996202   0.000103  
 -0.996064   0.000120  
 -0.995924   0.000095  
 -0.995781   0.000075  
 -0.995636   0.000096  
 -0.995488   0.000114  
 -0.995337   0.000090  
 -0.995185   0.000070  
 -0.995030   0.000090  
 -0.994872   0.000108  
 -0.994712   0.000085  
 -0.994549   0.000065  
 -0.994384   0.000085  
 -0.994217   0.000103  
 -0.994047   0.000081  
 -0.993874   0.000061  
 -0.993700   0.000081  
 -0.993522   0.000099  
 -0.993343   0.000078  
 -0.993160   0.000058  
 -0.992976   0.000077  
 -0.992789   0.000095  
 -0.992599   0.000075  
 -0.992407   0.000055  
 -0.992213   0.000073  
 -0.992016   0.000092  
 -0.991817   0.000072  
 -0.991615   0.000052  
 -0.991411   0.000070  
 -0.991204   0.000089  
 -0.990995   0.000069  
 -0.990783   0.000050  
 -0.990569   0.000067  
 -0.990353   0.000086  
 -0.990134   0.000067  
 -0.989913   0.000047  
 -0.989689   0.000065  
 -0.989463   0.000083  
 -0.989234   0.000065  
 -0.989003   0.000045  
 -0.988769   0.000062  
 -0.988533   0.000081  
 -0.988295   0.000064  
 -0.988054   0.000043  
 -0.987811   0.000060  
 -0.987565   0.000079  
 -0.987317   0.000062  
 -0.987066   0.000042  
 -0.986813   0.000058  
 -0.986558   0.000078  
 -0.986300   0.000060  
 -0.986040   0.000040  
 -0.985777   0.000056  
 -0.985512   0.000076  
 -0.985244   0.000059  
 -0.984974   0.000039  
 -0.984701   0.000055  
 -0.984427   0.000075  
 -0.984149   0.000058  
 -0.983869   0.000037  
 -0.983587   0.000053  
 -0.983303   0.000074  
 -0.983016   0.000057  
 -0.982726   0.000036  
 -0.982434   0.000052  
 -0.982140   0.000072  
 -0.981843   0.000056  
 -0.981544   0.000035  
 -0.981242   0.000051  
 -0.980938   0.000071  
 -0.980632   0.000055  
 -0.980323   0.000034  
 -0.980012   0.000050  
 -0.979698   0.000071  
 -0.979382   0.000054  
 -0.979063   0.000033  
 -0.978742   0.000049  
 -0.978419   0.000070  
 -0.978093   0.000053  
 -0.977765   0.000032  
 -0.977434   0.000048  
 -0.977101   0.000069  
 -0.976766   0.000053  
 -0.976428   0.000031  
 -0.976088   0.000047  
 -0.975745   0.000069  
 -0.975400   0.000052  
 -0.975053   0.000030  
 -0.974703   0.000047  
 -0.974350   0.000068  
 -0.973996   0.000052  
 -0.973639   0.000030  
 -0.973279   0.000046  
 -0.972917   0.000068  
 -0.972553   0.000051  
 -0.972186   0.000029  
 -0.971817   0.000045  
 -0.971446   0.000067  
 -0.971072   0.000051  
 -0.970696   0.000028  
 -0.970317   0.000045  
 -0.969936   0.000067  
 -0.969552   0.000050  
 -0.969166   0.000028  
 -0.968778   0.000044  
 -0.968388   0.000067  
 -0.967995   0.000050  
 -0.967599   0.000027  
 -0.967201   0.000044  
 -0.966801   0.000067  
 -0.966399   0.000050  
 -0.965994   0.000027  
 -0.965586   0.000044  
 -0.965176   0.000067  
 -0.964764   0.000049  
 -0.964350   0.000026  
 -0.963933   0.000043  
 -0.963514   0.000067  
 -0.963092   0.000049  
 -0.962668   0.000026  
 -0.962242   0.000043  
 -0.961813   0.000067  
 -0.961382   0.000049  
 -0.960948   0.000025  
 -0.960513   0.000043  
 -0.960074   0.000067  
 -0.959634   0.000049  
 -0.959191   0.000025  
 -0.958745   0.000043  
 -0.958298   0.000067  
 -0.957848   0.000049  
 -0.957395   0.000024  
 -0.956940   0.000043  
 -0.956483   0.000067  
 -0.956024   0.000049  
 -0.955562   0.000024  
 -0.955098   0.000043  
 -0.954631   0.000068  
 -0.954162   0.000049  
 -0.953691   0.000024  
 -0.953217   0.000043  
 -0.952741   0.000068  
 -0.952263   0.000049  
 -0.951782   0.000023  
 -0.951299   0.000043  
 -0.950814   0.000069  
 -0.950326   0.000049  
 -0.949836   0.000023  
 -0.949343   0.000043  
 -0.948848   0.000069  
 -0.948351   0.000049  
 -0.947852   0.000023  
 -0.947350   0.000043  
 -0.946846   0.000070  
 -0.946339   0.000049  
 -0.945831   0.000023  
 -0.945320   0.000043  
 -0.944806   0.000070  
 -0.944290   0.000050  
 -0.943772   0.000022  
 -0.943252   0.000043  
 -0.942729   0.000071  
 -0.942204   0.000050  
 -0.941676   0.000022  
 -0.941147   0.000043  
 -0.940614   0.000072  
 -0.940080   0.000050  
 -0.939543   0.000022  
 -0.939004   0.000044  
 -0.938463   0.000072  
 -0.937919   0.000050  
 -0.937373   0.000022  
 -0.936825   0.000044  
 -0.936274   0.000073  
 -0.935721   0.000051  
 -0.935166   0.000022  
 -0.934609   0.000044  
 -0.934049   0.000074  
 -0.933487   0.000051  
 -0.932922   0.000021  
 -0.932355   0.000045  
 -0.931786   0.000075  
 -0.931215   0.000052  
 -0.930641   0.000021  
 -0.930065   0.000045  
 -0.929487   0.000076  
 -0.928907   0.000052  
 -0.928324   0.000021  
 -0.927739   0.000046  
 -0.927151   0.000077  
 -0.926561   0.000052  
 -0.925969   0.000021  
 -0.925375   0.000046  
 -0.924779   0.000078  
 -0.924180   0.000053  
 -0.923579   0.000021  
 -0.922975   0.000047  
 -0.922370   0.000079  
 -0.921762   0.000054  
 -0.921151   0.000021  
 -0.920539   0.000048  
 -0.919924   0.000081  
 -0.919307   0.000054  
 -0.918688   0.000021  
 -0.918066   0.000048  
 -0.917442   0.000082  
 -0.916816   0.000055  
 -0.916188   0.000021  
 -0.915557   0.000049  
 -0.914924   0.000084  
 -0.914289   0.000055  
 -0.913652   0.000021  
 -0.913012   0.000050  
 -0.912370   0.000085  
 -0.911726   0.000056  
 -0.911080   0.000021  
 -0.910431   0.000051  
 -0.909780   0.000087  
 -0.909127   0.000057  
 -0.908472   0.000021  
 -0.907814   0.000052  
 -0.907154   0.000089  
 -0.906492   0.000058  
 -0.905828   0.000021  
 -0.905161   0.000053  
 -0.904492   0.000090  
 -0.903821   0.000059  
 -0.903148   0.000021  
 -0.902473   0.000054  
 -0.901795   0.000092  
 -0.901115   0.000060  
 -0.900433   0.000021  
 -0.899748   0.000055  
 -0.899062   0.000094  
 -0.898373   0.000061  
 -0.897682   0.000021  
 -0.896989   0.000056  
 -0.896293   0.000097  
 -0.895595   0.000062  
 -0.894895   0.000021  
 -0.894193   0.000057  
 -0.893489   0.000099  
 -0.892782   0.000063  
 -0.892074   0.000021  
 -0.891363   0.000059  
 -0.890650   0.000101  
 -0.889934   0.000064  
 -0.889217   0.000021  
 -0.888497   0.000060  
 -0.887775   0.000104  
 -0.887051   0.000065  
 -0.886325   0.000021  
 -0.885596   0.000061  
 -0.884866   0.000106  
 -0.884133   0.000066  
 -0.883398   0.000022  
 -0.882661   0.000063  
 -0.881921   0.000109  
 -0.881180   0.000068  
 -0.880436   0.000022  
 -0.879690   0.000065  
 -0.878942   0.000112  
 -0.878192   0.000069  
 -0.877439   0.000022  
 -0.876685   0.000066  
 -0.875928   0.000115  
 -0.875169   0.000071  
 -0.874408   0.000022  
 -0.873645   0.000068  
 -0.872880   0.000119  
 -0.872112   0.000072  
 -0.871342   0.000022  
 -0.870570   0.000070  
 -0.869796   0.000122  
 -0.869020   0.000074  
 -0.868242   0.000023  
 -0.867462   0.000072  
 -0.866679   0.000126  
 -0.865894   0.000076  
 -0.865108   0.000023  
 -0.864319   0.000075  
 -0.863528   0.000130  
 -0.862734   0.000078  
 -0.861939   0.000023  
 -0.861142   0.000077  
 -0.860342   0.000134  
 -0.859540   0.000080  
 -0.858736   0.000023  
 -0.857930   0.000080  
 -0.857122   0.000138  
 -0.856312   0.000082  
 -0.855500   0.000024  
 -0.854685   0.000082  
 -0.853869   0.000143  
 -0.853050   0.000084  
 -0.852230   0.000024  
 -0.851407   0.000085  
 -0.850582   0.000148  
 -0.849755   0.000086  
 -0.848926   0.000024  
 -0.848094   0.000088  
 -0.847261   0.000153  
 -0.846426   0.000089  
 -0.845588   0.000025  
 -0.844749   0.000091  
 -0.843907   0.000158  
 -0.843063   0.000092  
 -0.842217   0.000025  
 -0.841369   0.000095  
 -0.840519   0.000164  
 -0.839667   0.000094  
 -0.838813   0.000026  
 -0.837957   0.000098  
 -0.837099   0.000170  
 -0.836238   0.000097  
 -0.835376   0.000026  
 -0.834511   0.000102  
 -0.833645   0.000177  
 -0.832776   0.000100  
 -0.831906   0.000026  
 -0.831033   0.000106  
 -0.830158   0.000184  
 -0.829281   0.000104  
 -0.828403   0.000027  
 -0.827522   0.000111  
 -0.826639   0.000191  
 -0.825754   0.000107  
 -0.824867   0.000028  
 -0.823978   0.000115  
 -0.823087   0.000199  
 -0.822194   0.000111  
 -0.821299   0.000028  
 -0.820401   0.000120  
 -0.819502   0.000207  
 -0.818601   0.000115  
 -0.817698   0.000029  
 -0.816793   0.000126  
 -0.815885   0.000216  
 -0.814976   0.000119  
 -0.814065   0.000029  
 -0.813152   0.000131  
 -0.812236   0.000226  
 -0.811319   0.000124  
 -0.810400   0.000030  
 -0.809478   0.000138  
 -0.808555   0.000236  
 -0.807630   0.000128  
 -0.806703   0.000031  
 -0.805773   0.000144  
 -0.804842   0.000247  
 -0.803909   0.000133  
 -0.802974   0.000032  
 -0.802036   0.000151  
 -0.801097   0.000258  
 -0.800156   0.000139  
 -0.799213   0.000033  
 -0.798268   0.000159  
 -0.797321   0.000271  
 -0.796372   0.000145  
 -0.795421   0.000033  
 -0.794468   0.000167  
 -0.793513   0.000284  
 -0.792556   0.000151  
 -0.791597   0.000034  
 -0.790636   0.000176  
 -0.789673   0.000299  
 -0.788709   0.000157  
 -0.787742   0.000035  
 -0.786773   0.000185  
 -0.785803   0.000314  
 -0.784830   0.000165  
 -0.783856   0.000037  
 -0.782880   0.000195  
 -0.781901   0.000331  
 -0.780921   0.000172  
 -0.779939   0.000038  
 -0.778955   0.000206  
 -0.777969   0.000349  
 -0.776981   0.000180  
 -0.775991   0.000039  
 -0.775000   0.000218  
 -0.774006   0.000369  
 -0.773010   0.000189  
 -0.772013   0.000040  
 -0.771014   0.000231  
 -0.770012   0.000390  
 -0.769009   0.000199  
 -0.768004   0.000042  
 -0.766997   0.000245  
 -0.765988   0.000412  
 -0.764978   0.000209  
 -0.763965   0.000043  
 -0.762950   0.000260  
 -0.761934   0.000437  
 -0.760916   0.000220  
 -0.759896   0.000045  
 -0.758874   0.000277  
 -0.757850   0.000464  
 -0.756824   0.000232  
 -0.755796   0.000047  
 -0.754767   0.000295  
 -0.753735   0.000493  
 -0.752702   0.000245  
 -0.751667   0.000049  
 -0.750630   0.000315  
 -0.749591   0.000525  
 -0.748551   0.000259  
 -0.747508   0.000051  
 -0.746464   0.000336  
 -0.745418   0.000560  
 -0.744370   0.000274  
 -0.743320   0.000053  
 -0.742268   0.000360  
 -0.741215   0.000598  
 -0.740159   0.000290  
 -0.739102   0.000056  
 -0.738043   0.000386  
 -0.736982   0.000639  
 -0.735920   0.000309  
 -0.734855   0.000059  
 -0.733789   0.000415  
 -0.732721   0.000685  
 -0.731651   0.000328  
 -0.730580   0.000062  
 -0.729506   0.000446  
 -0.728431   0.000736  
 -0.727354   0.000350  
 -0.726275   0.000065  
 -0.725194   0.000481  
 -0.724112   0.000791  
 -0.723027   0.000374  
 -0.721941   0.000068  
 -0.720854   0.000519  
 -0.719764   0.000852  
 -0.718673   0.000400  
 -0.717580   0.000072  
 -0.716485   0.000562  
 -0.715388   0.000920  
 -0.714289   0.000429  
 -0.713189   0.000077  
 -0.712087   0.000609  
 -0.710984   0.000995  
 -0.709878   0.000460  
 -0.708771   0.000081  
 -0.707662   0.000662  
 -0.706551   0.001079  
 -0.705439   0.000496  
 -0.704325   0.000086  
 -0.703209   0.000721  
 -0.702091   0.001173  
 -0.700972   0.000535  
 -0.699850   0.000092  
 -0.698727   0.000788  
 -0.697603   0.001278  
 -0.696477   0.000578  
 -0.695349   0.000098  
 -0.694219   0.000862  
 -0.693087   0.001395  
 -0.691954   0.000627  
 -0.690819   0.000105  
 -0.689683   0.000946  
 -0.688544   0.001527  
 -0.687404   0.000682  
 -0.686263   0.000113  
 -0.685119   0.001041  
 -0.683974   0.001677  
 -0.682828   0.000743  
 -0.681679   0.000122  
 -0.680529   0.001149  
 -0.679377   0.001846  
 -0.678224   0.000812  
 -0.677069   0.000132  
 -0.675912   0.001272  
 -0.674753   0.002039  
 -0.673593   0.000891  
 -0.672431   0.000143  
 -0.671268   0.001413  
 -0.670103   0.002259  
 -0.668936   0.000980  
 -0.667768   0.000155  
 -0.666598   0.001574  
 -0.665426   0.002510  
 -0.664252   0.001081  
 -0.663077   0.000169  
 -0.661901   0.001760  
 -0.660723   0.002800  
 -0.659543   0.001197  
 -0.658361   0.000185  
 -0.657178   0.001975  
 -0.655993   0.003135  
 -0.654807   0.001331  
 -0.653619   0.000204  
 -0.652429   0.002225  
 -0.651238   0.003525  
 -0.650045   0.001486  
 -0.648851   0.000225  
 -0.647655   0.002517  
 -0.646457   0.003979  
 -0.645258   0.001666  
 -0.644057   0.000249  
 -0.642854   0.002860  
 -0.641650   0.004513  
 -0.640445   0.001876  
 -0.639238   0.000278  
 -0.638029   0.003266  
 -0.636819   0.005143  
 -0.635607   0.002123  
 -0.634393   0.000311  
 -0.633178   0.003749  
 -0.631962   0.005891  
 -0.630744   0.002415  
 -0.629524   0.000350  
 -0.628303   0.004326  
 -0.627080   0.006786  
 -0.625855   0.002763  
 -0.624630   0.000397  
 -0.623402   0.005022  
 -0.622173   0.007863  
 -0.620943   0.003181  
 -0.619711   0.000452  
 -0.618477   0.005866  
 -0.617242   0.009171  
 -0.616005   0.003686  
 -0.614767   0.000519  
 -0.613527   0.006900  
 -0.612286   0.010772  
 -0.611044   0.004301  
 -0.609799   0.000600  
 -0.608554   0.008178  
 -0.607307   0.012750  
 -0.606058   0.005059  
 -0.604808   0.000700  
 -0.603556   0.009771  
 -0.602303   0.015217  
 -0.601048   0.006002  
 -0.599792   0.000823  
 -0.598534   0.011779  
 -0.597275   0.018330  
 -0.596015   0.007187  
 -0.594753   0.000977  
 -0.593489   0.014341  
 -0.592224   0.022302  
 -0.590958   0.008696  
 -0.589690   0.001173  
 -0.588420   0.017650  
 -0.587150   0.027442  
 -0.585877   0.010643  
 -0.584604   0.001425  
 -0.583329   0.021989  
 -0.582052   0.034190  
 -0.580774   0.013196  
 -0.579495   0.001754  
 -0.578214   0.027769  
 -0.576931   0.043199  
 -0.575648   0.016598  
 -0.574363   0.002191  
 -0.573076   0.035609  
 -0.571788   0.055452  
 -0.570499   0.021222  
 -0.569208   0.002786  
 -0.567916   0.046466  
 -0.566622   0.072476  
 -0.565327   0.027645  
 -0.564031   0.003611  
 -0.562733   0.061857  
 -0.561434   0.096712  
 -0.560133   0.036796  
 -0.558831   0.004789  
 -0.557528   0.084278  
 -0.556223   0.132199  
 -0.554917   0.050220  
 -0.553610   0.006521  
 -0.552301   0.117989  
 -0.550991   0.185906  
 -0.549679   0.070602  
 -0.548366   0.009164  
 -0.547052   0.170615  
 -0.545736   0.270433  
 -0.544419   0.102840  
 -0.543101   0.013378  
 -0.541782   0.256559  
 -0.540461   0.409907  
 -0.539138   0.156426  
 -0.537815   0.020467  
 -0.536490   0.404883  
 -0.535163   0.653835  
 -0.533836   0.251140  
 -0.532507   0.033214  
 -0.531177   0.679211  
 -0.529845   1.112958  
 -0.528512   0.432147  
 -0.527178   0.058185  
 -0.525843   1.234038  
 -0.524506   2.063891  
 -0.523168   0.815497  
 -0.521829   0.112993  
 -0.520488   2.499385  
 -0.519146   4.307155  
 -0.517803   1.750857  
 -0.516459   0.253964  
 -0.515113   5.921610  
 -0.513766   10.693573  
 -0.512418   4.562596  
 -0.511068   0.713932  
 -0.509717   17.962267  
 -0.508365   35.198091  
 -0.507012   16.464791  
 -0.505657   2.960026  
 -0.504302   85.661810  
 -0.502945   200.171382  
 -0.501586   117.015006  
 -0.500227   29.514462  
 -0.498866   1311.333096  
 -0.497504   6204.450270  
 -0.496141   15865.965181  
 -0.494776   28211.297258  
 -0.493411   38049.777370  
 -0.492044   40265.216707  
 -0.490676   33625.489859  
 -0.489306   21748.851678  
 -0.487936   10308.939249  
 -0.486564   3102.352901  
 -0.485191   350.116635  
 -0.483817   29.794258  
 -0.482442   226.403701  
 -0.481065   269.760210  
 -0.479688   318.825259  
 -0.478309   544.981790  
 -0.476929   850.934904  
 -0.475547   1062.005305  
 -0.474165   1105.501259  
 -0.472781   998.401695  
 -0.471397   783.238697  
 -0.470011   519.343184  
 -0.468624   288.730092  
 -0.467236   162.379998  
 -0.465846   145.599274  
 -0.464456   163.916903  
 -0.463064   143.206853  
 -0.461671   165.403098  
 -0.460277   549.437362  
 -0.458882   1670.563360  
 -0.457486   3556.468634  
 -0.456089   5625.625667  
 -0.454690   6933.200433  
 -0.453291   6825.444916  
 -0.451890   5437.478342  
 -0.450488   3565.927035  
 -0.449085   2047.780177  
 -0.447681   1226.711351  
 -0.446276   921.885375  
 -0.444870   781.321020  
 -0.443462   604.521850  
 -0.442054   391.809145  
 -0.440644   212.321189  
 -0.439234   97.551828  
 -0.437822   36.488700  
 -0.436409   10.039165  
 -0.434995   3.401463  
 -0.433580   3.565803  
 -0.432164   7.217966  
 -0.430747   30.189228  
 -0.429329   95.385176  
 -0.427910   204.676425  
 -0.426490   325.826468  
 -0.425069   411.758509  
 -0.423646   435.627602  
 -0.422223   411.309528  
 -0.420798   385.066783  
 -0.419373   407.703399  
 -0.417946   505.600715  
 -0.416519   663.755434  
 -0.415090   826.837099  
 -0.413661   920.380286  
 -0.412230   887.374980  
 -0.410798   722.914951  
 -0.409366   482.442832  
 -0.407932   251.807561  
 -0.406497   96.199758  
 -0.405062   25.720314  
 -0.403625   5.673881  
 -0.402187   3.448673  
 -0.400749   30.189271  
 -0.399309   135.339013  
 -0.397869   351.706726  
 -0.396427   638.506201  
 -0.394984   882.151415  
 -0.393541   967.288872  
 -0.392096   861.022815  
 -0.390651   633.591632  
 -0.389204   397.767720  
 -0.387757   228.101318  
 -0.386309   132.461055  
 -0.384859   82.633745  
 -0.383409   52.607467  
 -0.381958   32.355974  
 -0.380506   40.724044  
 -0.379052   158.291199  
 -0.377598   533.718637  
 -0.376143   1294.507990  
 -0.374688   2389.353226  
 -0.373231   3510.681229  
 -0.371773   4222.520276  
 -0.370314   4231.101561  
 -0.368855   3576.809559  
 -0.367394   2585.206887  
 -0.365933   1638.572967  
 -0.364470   975.054498  
 -0.363007   647.335007  
 -0.361543   593.909054  
 -0.360078   705.115639  
 -0.358612   846.484905  
 -0.357146   888.266651  
 -0.355678   766.017920  
 -0.354209   520.721696  
 -0.352740   263.232075  
 -0.351270   87.564360  
 -0.349799   13.464501  
 -0.348327   1.209706  
 -0.346854   4.655837  
 -0.345380   4.142007  
 -0.343906   1.307629  
 -0.342430   0.437340  
 -0.340954   0.920403  
 -0.339477   0.875829  
 -0.337999   0.367505  
 -0.336520   0.201559  
 -0.335040   0.327782  
 -0.333560   0.307168  
 -0.332079   0.153410  
 -0.330597   0.106892  
 -0.329114   0.152080  
 -0.327630   0.139691  
 -0.326146   0.078735  
 -0.324660   0.062487  
 -0.323174   0.082155  
 -0.321687   0.074615  
 -0.320200   0.046023  
 -0.318711   0.039310  
 -0.317222   0.049124  
 -0.315732   0.044578  
 -0.314241   0.029503  
 -0.312749   0.026223  
 -0.311257   0.031665  
 -0.309764   0.028992  
 -0.308270   0.020309  
 -0.306775   0.018378  
 -0.305280   0.021681  
 -0.303784   0.020204  
 -0.302287   0.014826  
 -0.300789   0.013456  
 -0.299291   0.015642  
 -0.297791   0.014949  
 -0.296292   0.011394  
 -0.294791   0.010263  
 -0.293290   0.011849  
 -0.291787   0.011690  
 -0.290285   0.009184  
 -0.288781   0.008148  
 -0.287277   0.009422  
 -0.285772   0.009650  
 -0.284266   0.007756  
 -0.282760   0.006740  
 -0.281253   0.007883  
 -0.279745   0.008425  
 -0.278237   0.006872  
 -0.276728   0.005821  
 -0.275218   0.006970  
 -0.273707   0.007809  
 -0.272196   0.006410  
 -0.270684   0.005264  
 -0.269172   0.006551  
 -0.267659   0.007734  
 -0.266145   0.006332  
 -0.264631   0.005000  
 -0.263115   0.006586  
 -0.261600   0.008251  
 -0.260083   0.006682  
 -0.258566   0.005000  
 -0.257048   0.007132  
 -0.255530   0.009583  
 -0.254011   0.007623  
 -0.252492   0.005275  
 -0.250971   0.008393  
 -0.249451   0.012288  
 -0.247929   0.009571  
 -0.246407   0.005879  
 -0.244884   0.010879  
 -0.243361   0.017754  
 -0.241837   0.013583  
 -0.240313   0.006937  
 -0.238788   0.015930  
 -0.237262   0.029858  
 -0.235736   0.022733  
 -0.234209   0.008713  
 -0.232682   0.027698  
 -0.231154   0.061796  
 -0.229625   0.048161  
 -0.228096   0.011832  
 -0.226566   0.063298  
 -0.225036   0.174974  
 -0.223505   0.147376  
 -0.221974   0.018390  
 -0.220442   0.236851  
 -0.218910   0.865554  
 -0.217377   0.896509  
 -0.215843   0.046527  
 -0.214309   2.765903  
 -0.212775   19.328799  
 -0.211240   58.901825  
 -0.209704   117.792121  
 -0.208168   174.696931  
 -0.206631   201.570406  
 -0.205094   183.643030  
 -0.203556   130.932011  
 -0.202018   70.304200  
 -0.200479   25.760674  
 -0.198940   4.797374  
 -0.197401   0.223005  
 -0.195861   1.158045  
 -0.194320   1.455760  
 -0.192779   0.706505  
 -0.191237   0.771953  
 -0.189695   2.120667  
 -0.188153   2.792948  
 -0.186610   2.181761  
 -0.185066   8.543306  
 -0.183522   42.538551  
 -0.181978   128.373302  
 -0.180433   275.533337  
 -0.178888   466.455169  
 -0.177342   661.597590  
 -0.175796   816.109319  
 -0.174250   893.855163  
 -0.172703   874.955207  
 -0.171155   763.738108  
 -0.169608   596.082039  
 -0.168059   431.123480  
 -0.166511   320.247840  
 -0.164962   274.134295  
 -0.163412   259.756691  
 -0.161862   232.562103  
 -0.160312   173.363729  
 -0.158761   98.036623  
 -0.157210   40.375920  
 -0.155659   32.041875  
 -0.154107   93.106388  
 -0.152555   225.750849  
 -0.151002   405.484960  
 -0.149449   582.472579  
 -0.147896   705.668764  
 -0.146342   755.848811  
 -0.144788   754.463224  
 -0.143234   735.083537  
 -0.141679   705.661430  
 -0.140124   643.506807  
 -0.138568   530.219284  
 -0.137012   387.897247  
 -0.135456   274.407359  
 -0.133900   240.259035  
 -0.132343   291.510121  
 -0.130786   393.911919  
 -0.129228   506.442745  
 -0.127670   605.217736  
 -0.126112   680.426182  
 -0.124554   724.732322  
 -0.122995   733.638457  
 -0.121436   711.771045  
 -0.119877   669.847212  
 -0.118317   619.159666  
 -0.116757   582.141923  
 -0.115197   608.637429  
 -0.113637   757.873338  
 -0.112076   1036.658763  
 -0.110515   1355.856725  
 -0.108954   1580.766260  
 -0.107392   1657.040671  
 -0.105830   1685.435642  
 -0.104268   1840.961211  
 -0.102706   2192.641895  
 -0.101143   2606.926713  
 -0.099580   2849.028274  
 -0.098017   2788.956781  
 -0.096454   2504.107544  
 -0.094890   2184.359242  
 -0.093326   1958.569221  
 -0.091762   1826.919558  
 -0.090198   1737.232202  
 -0.088634   1675.719226  
 -0.087069   1655.103384  
 -0.085504   1638.995795  
 -0.083939   1528.666398  
 -0.082373   1250.116892  
 -0.080808   841.935759  
 -0.079242   437.448434  
 -0.077676   158.705734  
 -0.076110   33.652460  
 -0.074544   6.919430  
 -0.072977   9.042035  
 -0.071410   7.227326  
 -0.069844   7.117338  
 -0.068276   29.798448  
 -0.066709   92.913226  
 -0.065142   200.920179  
 -0.063574   339.810083  
 -0.062007   477.532717  
 -0.060439   572.699692  
 -0.058871   589.772741  
 -0.057303   518.564982  
 -0.055734   393.184697  
 -0.054166   292.998976  
 -0.052597   305.197290  
 -0.051029   459.009755  
 -0.049460   684.228790  
 -0.047891   844.491045  
 -0.046322   831.864920  
 -0.044753   644.924269  
 -0.043183   382.105673  
 -0.041614   161.059165  
 -0.040045   39.964152  
 -0.038475   2.899244  
 -0.036905   2.261041  
 -0.035336   4.681407  
 -0.033766   2.877855  
 -0.032196   0.991560  
 -0.030626   0.922167  
 -0.029056   1.349932  
 -0.027485   1.467773  
 -0.025915   1.486286  
 -0.024345   1.514711  
 -0.022775   1.772569  
 -0.021204   2.704172  
 -0.019634   4.158264  
 -0.018063   5.595019  
 -0.016493   7.272999  
 -0.014922   12.109650  
 -0.013351   34.853133  
 -0.011781   122.248651  
 -0.010210   361.219733  
 -0.008639   834.452684  
 -0.007069   1525.309636  
 -0.005498   2256.749455  
 -0.003927   2765.910601  
 -0.002356   2900.209937  
 -0.000785   2766.561147  
 0.000785   2660.038492  
 0.002356   2799.988466  
 0.003927   3122.287248  
 0.005498   3354.243321  
 0.007069   3309.855266  
 0.008639   3088.307949  
 0.010210   2951.361150  
 0.011781   3022.649626  
 0.013351   3163.253612  
 0.014922   3160.813443  
 0.016493   2988.582719  
 0.018063   2829.761906  
 0.019634   2876.745208  
 0.021204   3166.785440  
 0.022775   3610.666453  
 0.024345   4140.894054  
 0.025915   4856.659394  
 0.027485   6066.197967  
 0.029056   8059.083162  
 0.030626   10584.526531  
 0.032196   12605.204219  
 0.033766   13190.271118  
 0.035336   13340.471322  
 0.036905   16740.462052  
 0.038475   27419.546702  
 0.040045   45300.554571  
 0.041614   63871.813771  
 0.043183   73392.029374  
 0.044753   67856.467150  
 0.046322   49680.904286  
 0.047891   27772.185080  
 0.049460   10897.387726  
 0.051029   2389.732440  
 0.052597   116.257230  
 0.054166   213.022939  
 0.055734   340.936844  
 0.057303   153.510800  
 0.058871   15.818017  
 0.060439   32.569544  
 0.062007   59.887497  
 0.063574   32.116862  
 0.065142   4.621622  
 0.066709   9.659076  
 0.068276   18.249156  
 0.069844   10.594759  
 0.071410   1.973342  
 0.072977   4.054915  
 0.074544   7.418275  
 0.076110   4.506499  
 0.077676   1.302272  
 0.079242   2.485799  
 0.080808   3.723567  
 0.082373   2.378903  
 0.083939   2.252722  
 0.085504   4.005747  
 0.087069   2.894884  
 0.088634   2.996373  
 0.090198   25.033082  
 0.091762   88.982225  
 0.093326   190.192995  
 0.094890   304.195579  
 0.096454   422.277732  
 0.098017   574.002884  
 0.099580   795.089010  
 0.101143   1060.817826  
 0.102706   1261.042070  
 0.104268   1266.041139  
 0.105830   1035.523283  
 0.107392   663.952763  
 0.108954   312.457074  
 0.110515   92.672510  
 0.112076   10.017180  
 0.113637   1.177772  
 0.115197   6.439031  
 0.116757   4.882700  
 0.118317   1.067580  
 0.119877   0.300113  
 0.121436   1.121957  
 0.122995   1.055802  
 0.124554   0.372420  
 0.126112   0.172167  
 0.127670   0.378251  
 0.129228   0.400355  
 0.130786   0.214731  
 0.132343   0.133684  
 0.133900   0.194580  
 0.135456   0.217897  
 0.137012   0.161679  
 0.138568   0.127475  
 0.140124   0.147492  
 0.141679   0.161189  
 0.143234   0.149523  
 0.144788   0.150397  
 0.146342   0.163882  
 0.147896   0.162304  
 0.149449   0.173201  
 0.151002   0.225851  
 0.152555   0.255685  
 0.154107   0.226233  
 0.155659   0.267355  
 0.157210   0.445640  
 0.158761   0.540046  
 0.160312   0.453963  
 0.161862   0.612846  
 0.163412   1.238044  
 0.164962   1.625330  
 0.166511   1.532730  
 0.168059   2.685718  
 0.169608   6.041068  
 0.171155   9.113648  
 0.172703   17.266368  
 0.174250   69.184013  
 0.175796   243.569177  
 0.177342   609.292880  
 0.178888   1137.251729  
 0.180433   1658.731989  
 0.181978   1939.649071  
 0.183522   1833.086604  
 0.185066   1385.714519  
 0.186610   810.631483  
 0.188153   359.904663  
 0.189695   200.616725  
 0.191237   361.826670  
 0.192779   749.739500  
 0.194320   1203.122652  
 0.195861   1565.893581  
 0.197401   1746.346367  
 0.198940   1732.534811  
 0.200479   1572.729248  
 0.202018   1362.727183  
 0.203556   1244.768386  
 0.205094   1364.970401  
 0.206631   1771.562875  
 0.208168   2347.282759  
 0.209704   2885.457377  
 0.211240   3265.626386  
 0.212775   3541.167019  
 0.214309   3832.004327  
 0.215843   4146.510616  
 0.217377   4343.392565  
 0.218910   4269.375127  
 0.220442   3900.565059  
 0.221974   3337.513908  
 0.223505   2701.551554  
 0.225036   2078.824263  
 0.226566   1550.324242  
 0.228096   1211.258783  
 0.229625   1111.547723  
 0.231154   1183.820595  
 0.232682   1267.248351  
 0.234209   1225.802985  
 0.235736   1044.290306  
 0.237262   811.404950  
 0.238788   629.720549  
 0.240313   565.537205  
 0.241837   680.625995  
 0.243361   1064.769818  
 0.244884   1772.893776  
 0.246407   2697.577636  
 0.247929   3528.645902  
 0.249451   3901.400775  
 0.250971   3641.619775  
 0.252492   2890.980749  
 0.254011   1994.611280  
 0.255530   1256.606697  
 0.257048   779.749566  
 0.258566   497.323977  
 0.260083   315.047701  
 0.261600   209.554153  
 0.263115   215.897892  
 0.264631   354.431021  
 0.266145   579.446003  
 0.267659   784.564930  
 0.269172   852.096372  
 0.270684   726.281343  
 0.272196   494.608042  
 0.273707   438.527042  
 0.275218   981.433166  
 0.276728   2483.783346  
 0.278237   4949.193130  
 0.279745   7840.595321  
 0.281253   10212.212664  
 0.282760   11164.274042  
 0.284266   10351.790662  
 0.285772   8186.735359  
 0.287277   5591.923325  
 0.288781   3512.329460  
 0.290285   2532.976602  
 0.291787   2773.520953  
 0.293290   3964.404900  
 0.294791   5558.709038  
 0.296292   6883.984989  
 0.297791   7399.597536  
 0.299291   6964.052167  
 0.300789   5882.591540  
 0.302287   4676.228586  
 0.303784   3827.230871  
 0.305280   3758.766647  
 0.306775   4918.408540  
 0.308270   7585.886448  
 0.309764   11374.905903  
 0.311257   14992.122514  
 0.312749   16806.589372  
 0.314241   15968.212998  
 0.315732   13075.589241  
 0.317222   9691.858986  
 0.318711   7127.030119  
 0.320200   5618.762005  
 0.321687   4565.251466  
 0.323174   3377.012789  
 0.324660   2025.571559  
 0.326146   882.888621  
 0.327630   232.318156  
 0.329114   24.195477  
 0.330597   17.937111  
 0.332079   29.700875  
 0.333560   17.021375  
 0.335040   4.600569  
 0.336520   4.184267  
 0.337999   6.176736  
 0.339477   4.205176  
 0.340954   1.688914  
 0.342430   1.591901  
 0.343906   2.143684  
 0.345380   1.590476  
 0.346854   0.795167  
 0.348327   0.756327  
 0.349799   0.957596  
 0.351270   0.751133  
 0.352740   0.431112  
 0.354209   0.410912  
 0.355678   0.498545  
 0.357146   0.407116  
 0.358612   0.256725  
 0.360078   0.244670  
 0.361543   0.287914  
 0.363007   0.242466  
 0.364470   0.163603  
 0.365933   0.155806  
 0.367394   0.179259  
 0.368855   0.154684  
 0.370314   0.109782  
 0.371773   0.104471  
 0.373231   0.118176  
 0.374688   0.104000  
 0.376143   0.076732  
 0.377598   0.072979  
 0.379052   0.081493  
 0.380506   0.072880  
 0.381958   0.055435  
 0.383409   0.052712  
 0.384859   0.058278  
 0.386309   0.052815  
 0.387757   0.041163  
 0.389204   0.039146  
 0.390651   0.042947  
 0.392096   0.039352  
 0.393541   0.031281  
 0.394984   0.029763  
 0.396427   0.032459  
 0.397869   0.030014  
 0.399309   0.024247  
 0.400749   0.023089  
 0.402187   0.025065  
 0.403625   0.023353  
 0.405062   0.019120  
 0.406497   0.018228  
 0.407932   0.019718  
 0.409366   0.018487  
 0.410798   0.015305  
 0.412230   0.014612  
 0.413661   0.015765  
 0.415090   0.014857  
 0.416519   0.012415  
 0.417946   0.011874  
 0.419373   0.012785  
 0.420798   0.012099  
 0.422223   0.010190  
 0.423646   0.009766  
 0.425069   0.010501  
 0.426490   0.009970  
 0.427910   0.008452  
 0.429329   0.008119  
 0.430747   0.008722  
 0.432164   0.008303  
 0.433580   0.007078  
 0.434995   0.006816  
 0.436409   0.007319  
 0.437822   0.006980  
 0.439234   0.005979  
 0.440644   0.005773  
 0.442054   0.006198  
 0.443462   0.005919  
 0.444870   0.005090  
 0.446276   0.004930  
 0.447681   0.005292  
 0.449085   0.005059  
 0.450488   0.004365  
 0.451890   0.004240  
 0.453291   0.004553  
 0.454690   0.004354  
 0.456089   0.003768  
 0.457486   0.003672  
 0.458882   0.003945  
 0.460277   0.003772  
 0.461671   0.003273  
 0.463064   0.003200  
 0.464456   0.003440  
 0.465846   0.003288  
 0.467236   0.002858  
 0.468624   0.002805  
 0.470011   0.003017  
 0.471397   0.002882  
 0.472781   0.002510  
 0.474165   0.002472  
 0.475547   0.002660  
 0.476929   0.002539  
 0.478309   0.002214  
 0.479688   0.002189  
 0.481065   0.002358  
 0.482442   0.002248  
 0.483817   0.001963  
 0.485191   0.001948  
 0.486564   0.002100  
 0.487936   0.001999  
 0.489306   0.001747  
 0.490676   0.001740  
 0.492044   0.001878  
 0.493411   0.001785  
 0.494776   0.001561  
 0.496141   0.001562  
 0.497504   0.001687  
 0.498866   0.001600  
 0.500227   0.001400  
 0.501586   0.001406  
 0.502945   0.001521  
 0.504302   0.001440  
 0.505657   0.001261  
 0.507012   0.001271  
 0.508365   0.001376  
 0.509717   0.001300  
 0.511068   0.001139  
 0.512418   0.001153  
 0.513766   0.001249  
 0.515113   0.001177  
 0.516459   0.001032  
 0.517803   0.001049  
 0.519146   0.001137  
 0.520488   0.001070  
 0.521829   0.000937  
 0.523168   0.000958  
 0.524506   0.001039  
 0.525843   0.000975  
 0.527178   0.000854  
 0.528512   0.000876  
 0.529845   0.000952  
 0.531177   0.000890  
 0.532507   0.000781  
 0.533836   0.000804  
 0.535163   0.000874  
 0.536490   0.000816  
 0.537815   0.000715  
 0.539138   0.000740  
 0.540461   0.000805  
 0.541782   0.000749  
 0.543101   0.000657  
 0.544419   0.000683  
 0.545736   0.000743  
 0.547052   0.000690  
 0.548366   0.000605  
 0.549679   0.000631  
 0.550991   0.000688  
 0.552301   0.000636  
 0.553610   0.000558  
 0.554917   0.000585  
 0.556223   0.000638  
 0.557528   0.000588  
 0.558831   0.000516  
 0.560133   0.000543  
 0.561434   0.000592  
 0.562733   0.000545  
 0.564031   0.000478  
 0.565327   0.000505  
 0.566622   0.000552  
 0.567916   0.000506  
 0.569208   0.000443  
 0.570499   0.000471  
 0.571788   0.000514  
 0.573076   0.000470  
 0.574363   0.000412  
 0.575648   0.000440  
 0.576931   0.000481  
 0.578214   0.000438  
 0.579495   0.000384  
 0.580774   0.000412  
 0.582052   0.000450  
 0.583329   0.000409  
 0.584604   0.000358  
 0.585877   0.000386  
 0.587150   0.000422  
 0.588420   0.000382  
 0.589690   0.000335  
 0.590958   0.000362  
 0.592224   0.000396  
 0.593489   0.000358  
 0.594753   0.000314  
 0.596015   0.000341  
 0.597275   0.000373  
 0.598534   0.000335  
 0.599792   0.000294  
 0.601048   0.000321  
 0.602303   0.000351  
 0.603556   0.000315  
 0.604808   0.000276  
 0.606058   0.000303  
 0.607307   0.000331  
 0.608554   0.000296  
 0.609799   0.000260  
 0.611044   0.000286  
 0.612286   0.000313  
 0.613527   0.000279  
 0.614767   0.000245  
 0.616005   0.000270  
 0.617242   0.000296  
 0.618477   0.000263  
 0.619711   0.000231  
 0.620943   0.000256  
 0.622173   0.000280  
 0.623402   0.000248  
 0.624630   0.000218  
 0.625855   0.000243  
 0.627080   0.000266  
 0.628303   0.000235  
 0.629524   0.000206  
 0.630744   0.000230  
 0.631962   0.000252  
 0.633178   0.000222  
 0.634393   0.000195  
 0.635607   0.000219  
 0.636819   0.000239  
 0.638029   0.000210  
 0.639238   0.000185  
 0.640445   0.000208  
 0.641650   0.000228  
 0.642854   0.000199  
 0.644057   0.000175  
 0.645258   0.000198  
 0.646457   0.000217  
 0.647655   0.000189  
 0.648851   0.000167  
 0.650045   0.000189  
 0.651238   0.000207  
 0.652429   0.000180  
 0.653619   0.000158  
 0.654807   0.000181  
 0.655993   0.000197  
 0.657178   0.000171  
 0.658361   0.000151  
 0.659543   0.000173  
 0.660723   0.000189  
 0.661901   0.000163  
 0.663077   0.000144  
 0.664252   0.000165  
 0.665426   0.000180  
 0.666598   0.000155  
 0.667768   0.000137  
 0.668936   0.000158  
 0.670103   0.000172  
 0.671268   0.000148  
 0.672431   0.000131  
 0.673593   0.000151  
 0.674753   0.000165  
 0.675912   0.000142  
 0.677069   0.000125  
 0.678224   0.000145  
 0.679377   0.000158  
 0.680529   0.000135  
 0.681679   0.000120  
 0.682828   0.000139  
 0.683974   0.000152  
 0.685119   0.000130  
 0.686263   0.000115  
 0.687404   0.000134  
 0.688544   0.000146  
 0.689683   0.000124  
 0.690819   0.000110  
 0.691954   0.000129  
 0.693087   0.000140  
 0.694219   0.000119  
 0.695349   0.000105  
 0.696477   0.000124  
 0.697603   0.000135  
 0.698727   0.000114  
 0.699850   0.000101  
 0.700972   0.000119  
 0.702091   0.000130  
 0.703209   0.000109  
 0.704325   0.000097  
 0.705439   0.000115  
 0.706551   0.000125  
 0.707662   0.000105  
 0.708771   0.000093  
 0.709878   0.000111  
 0.710984   0.000120  
 0.712087   0.000101  
 0.713189   0.000090  
 0.714289   0.000107  
 0.715388   0.000116  
 0.716485   0.000097  
 0.717580   0.000087  
 0.718673   0.000104  
 0.719764   0.000112  
 0.720854   0.000094  
 0.721941   0.000083  
 0.723027   0.000100  
 0.724112   0.000108  
 0.725194   0.000090  
 0.726275   0.000080  
 0.727354   0.000097  
 0.728431   0.000105  
 0.729506   0.000087  
 0.730580   0.000078  
 0.731651   0.000094  
 0.732721   0.000101  
 0.733789   0.000084  
 0.734855   0.000075  
 0.735920   0.000091  
 0.736982   0.000098  
 0.738043   0.000081  
 0.739102   0.000073  
 0.740159   0.000088  
 0.741215   0.000095  
 0.742268   0.000078  
 0.743320   0.000070  
 0.744370   0.000085  
 0.745418   0.000092  
 0.746464   0.000075  
 0.747508   0.000068  
 0.748551   0.000083  
 0.749591   0.000089  
 0.750630   0.000073  
 0.751667   0.000066  
 0.752702   0.000081  
 0.753735   0.000086  
 0.754767   0.000071  
 0.755796   0.000064  
 0.756824   0.000078  
 0.757850   0.000084  
 0.758874   0.000068  
 0.759896   0.000062  
 0.760916   0.000076  
 0.761934   0.000081  
 0.762950   0.000066  
 0.763965   0.000060  
 0.764978   0.000074  
 0.765988   0.000079  
 0.766997   0.000064  
 0.768004   0.000058  
 0.769009   0.000072  
 0.770012   0.000077  
 0.771014   0.000062  
 0.772013   0.000057  
 0.773010   0.000070  
 0.774006   0.000075  
 0.775000   0.000061  
 0.775991   0.000055  
 0.776981   0.000068  
 0.777969   0.000073  
 0.778955   0.000059  
 0.779939   0.000054  
 0.780921   0.000067  
 0.781901   0.000071  
 0.782880   0.000057  
 0.783856   0.000052  
 0.784830   0.000065  
 0.785803   0.000069  
 0.786773   0.000056  
 0.787742   0.000051  
 0.788709   0.000064  
 0.789673   0.000067  
 0.790636   0.000054  
 0.791597   0.000050  
 0.792556   0.000062  
 0.793513   0.000066  
 0.794468   0.000053  
 0.795421   0.000048  
 0.796372   0.000061  
 0.797321   0.000064  
 0.798268   0.000051  
 0.799213   0.000047  
 0.800156   0.000059  
 0.801097   0.000063  
 0.802036   0.000050  
 0.802974   0.000046  
 0.803909   0.000058  
 0.804842   0.000061  
 0.805773   0.000049  
 0.806703   0.000045  
 0.807630   0.000057  
 0.808555   0.000060  
 0.809478   0.000048  
 0.810400   0.000044  
 0.811319   0.000056  
 0.812236   0.000058  
 0.813152   0.000046  
 0.814065   0.000043  
 0.814976   0.000055  
 0.815885   0.000057  
 0.816793   0.000045  
 0.817698   0.000042  
 0.818601   0.000053  
 0.819502   0.000056  
 0.820401   0.000044  
 0.821299   0.000041  
 0.822194   0.000052  
 0.823087   0.000055  
 0.823978   0.000043  
 0.824867   0.000041  
 0.825754   0.000051  
 0.826639   0.000054  
 0.827522   0.000042  
 0.828403   0.000040  
 0.829281   0.000051  
 0.830158   0.000052  
 0.831033   0.000041  
 0.831906   0.000039  
 0.832776   0.000050  
 0.833645   0.000051  
 0.834511   0.000041  
 0.835376   0.000038  
 0.836238   0.000049  
 0.837099   0.000050  
 0.837957   0.000040  
 0.838813   0.000038  
 0.839667   0.000048  
 0.840519   0.000050  
 0.841369   0.000039  
 0.842217   0.000037  
 0.843063   0.000047  
 0.843907   0.000049  
 0.844749   0.000038  
 0.845588   0.000036  
 0.846426   0.000046  
 0.847261   0.000048  
 0.848094   0.000037  
 0.848926   0.000036  
 0.849755   0.000046  
 0.850582   0.000047  
 0.851407   0.000037  
 0.852230   0.000035  
 0.853050   0.000045  
 0.853869   0.000046  
 0.854685   0.000036  
 0.855500   0.000035  
 0.856312   0.000044  
 0.857122   0.000045  
 0.857930   0.000036  
 0.858736   0.000034  
 0.859540   0.000044  
 0.860342   0.000045  
 0.861142   0.000035  
 0.861939   0.000034  
 0.862734   0.000043  
 0.863528   0.000044  
 0.864319   0.000034  
 0.865108   0.000033  
 0.865894   0.000043  
 0.866679   0.000043  
 0.867462   0.000034  
 0.868242   0.000033  
 0.869020   0.000042  
 0.869796   0.000043  
 0.870570   0.000033  
 0.871342   0.000033  
 0.872112   0.000042  
 0.872880   0.000042  
 0.873645   0.000033  
 0.874408   0.000032  
 0.875169   0.000041  
 0.875928   0.000041  
 0.876685   0.000032  
 0.877439   0.000032  
 0.878192   0.000041  
 0.878942   0.000041  
 0.879690   0.000032  
 0.880436   0.000031  
 0.881180   0.000040  
 0.881921   0.000040  
 0.882661   0.000032  
 0.883398   0.000031  
 0.884133   0.000040  
 0.884866   0.000040  
 0.885596   0.000031  
 0.886325   0.000031  
 0.887051   0.000039  
 0.887775   0.000039  
 0.888497   0.000031  
 0.889217   0.000031  
 0.889934   0.000039  
 0.890650   0.000039  
 0.891363   0.000030  
 0.892074   0.000030  
 0.892782   0.000039  
 0.893489   0.000039  
 0.894193   0.000030  
 0.894895   0.000030  
 0.895595   0.000038  
 0.896293   0.000038  
 0.896989   0.000030  
 0.897682   0.000030  
 0.898373   0.000038  
 0.899062   0.000038  
 0.899748   0.000029  
 0.900433   0.000030  
 0.901115   0.000038  
 0.901795   0.000037  
 0.902473   0.000029  
 0.903148   0.000030  
 0.903821   0.000038  
 0.904492   0.000037  
 0.905161   0.000029  
 0.905828   0.000029  
 0.906492   0.000037  
 0.907154   0.000037  
 0.907814   0.000029  
 0.908472   0.000029  
 0.909127   0.000037  
 0.909780   0.000036  
 0.910431   0.000028  
 0.911080   0.000029  
 0.911726   0.000037  
 0.912370   0.000036  
 0.913012   0.000028  
 0.913652   0.000029  
 0.914289   0.000037  
 0.914924   0.000036  
 0.915557   0.000028  
 0.916188   0.000029  
 0.916816   0.000037  
 0.917442   0.000036  
 0.918066   0.000028  
 0.918688   0.000029  
 0.919307   0.000036  
 0.919924   0.000035  
 0.920539   0.000028  
 0.921151   0.000029  
 0.921762   0.000036  
 0.922370   0.000035  
 0.922975   0.000028  
 0.923579   0.000029  
 0.924180   0.000036  
 0.924779   0.000035  
 0.925375   0.000028  
 0.925969   0.000029  
 0.926561   0.000036  
 0.927151   0.000035  
 0.927739   0.000027  
 0.928324   0.000029  
 0.928907   0.000036  
 0.929487   0.000035  
 0.930065   0.000027  
 0.930641   0.000029  
 0.931215   0.000036  
 0.931786   0.000035  
 0.932355   0.000027  
 0.932922   0.000029  
 0.933487   0.000036  
 0.934049   0.000034  
 0.934609   0.000027  
 0.935166   0.000029  
 0.935721   0.000036  
 0.936274   0.000034  
 0.936825   0.000027  
 0.937373   0.000029  
 0.937919   0.000036  
 0.938463   0.000034  
 0.939004   0.000027  
 0.939543   0.000029  
 0.940080   0.000036  
 0.940614   0.000034  
 0.941147   0.000027  
 0.941676   0.000029  
 0.942204   0.000036  
 0.942729   0.000034  
 0.943252   0.000027  
 0.943772   0.000029  
 0.944290   0.000036  
 0.944806   0.000034  
 0.945320   0.000027  
 0.945831   0.000029  
 0.946339   0.000036  
 0.946846   0.000034  
 0.947350   0.000027  
 0.947852   0.000029  
 0.948351   0.000036  
 0.948848   0.000034  
 0.949343   0.000027  
 0.949836   0.000030  
 0.950326   0.000036  
 0.950814   0.000034  
 0.951299   0.000028  
 0.951782   0.000030  
 0.952263   0.000037  
 0.952741   0.000034  
 0.953217   0.000028  
 0.953691   0.000030  
 0.954162   0.000037  
 0.954631   0.000034  
 0.955098   0.000028  
 0.955562   0.000030  
 0.956024   0.000037  
 0.956483   0.000035  
 0.956940   0.000028  
 0.957395   0.000031  
 0.957848   0.000037  
 0.958298   0.000035  
 0.958745   0.000028  
 0.959191   0.000031  
 0.959634   0.000038  
 0.960074   0.000035  
 0.960513   0.000028  
 0.960948   0.000031  
 0.961382   0.000038  
 0.961813   0.000035  
 0.962242   0.000029  
 0.962668   0.000032  
 0.963092   0.000038  
 0.963514   0.000035  
 0.963933   0.000029  
 0.964350   0.000032  
 0.964764   0.000039  
 0.965176   0.000036  
 0.965586   0.000029  
 0.965994   0.000032  
 0.966399   0.000039  
 0.966801   0.000036  
 0.967201   0.000030  
 0.967599   0.000033  
 0.967995   0.000039  
 0.968388   0.000036  
 0.968778   0.000030  
 0.969166   0.000033  
 0.969552   0.000040  
 0.969936   0.000037  
 0.970317   0.000030  
 0.970696   0.000034  
 0.971072   0.000040  
 0.971446   0.000037  
 0.971817   0.000031  
 0.972186   0.000035  
 0.972553   0.000041  
 0.972917   0.000038  
 0.973279   0.000031  
 0.973639   0.000035  
 0.973996   0.000042  
 0.974350   0.000038  
 0.974703   0.000032  
 0.975053   0.000036  
 0.975400   0.000042  
 0.975745   0.000039  
 0.976088   0.000033  
 0.976428   0.000037  
 0.976766   0.000043  
 0.977101   0.000039  
 0.977434   0.000033  
 0.977765   0.000038  
 0.978093   0.000044  
 0.978419   0.000040  
 0.978742   0.000034  
 0.979063   0.000038  
 0.979382   0.000045  
 0.979698   0.000040  
 0.980012   0.000035  
 0.980323   0.000039  
 0.980632   0.000046  
 0.980938   0.000041  
 0.981242   0.000035  
 0.981544   0.000040  
 0.981843   0.000047  
 0.982140   0.000042  
 0.982434   0.000036  
 0.982726   0.000041  
 0.983016   0.000048  
 0.983303   0.000043  
 0.983587   0.000037  
 0.983869   0.000043  
 0.984149   0.000049  
 0.984427   0.000044  
 0.984701   0.000038  
 0.984974   0.000044  
 0.985244   0.000050  
 0.985512   0.000045  
 0.985777   0.000039  
 0.986040   0.000045  
 0.986300   0.000052  
 0.986558   0.000046  
 0.986813   0.000041  
 0.987066   0.000047  
 0.987317   0.000053  
 0.987565   0.000048  
 0.987811   0.000042  
 0.988054   0.000048  
 0.988295   0.000055  
 0.988533   0.000049  
 0.988769   0.000044  
 0.989003   0.000050  
 0.989234   0.000057  
 0.989463   0.000051  
 0.989689   0.000045  
 0.989913   0.000052  
 0.990134   0.000059  
 0.990353   0.000052  
 0.990569   0.000047  
 0.990783   0.000055  
 0.990995   0.000061  
 0.991204   0.000054  
 0.991411   0.000049  
 0.991615   0.000057  
 0.991817   0.000063  
 0.992016   0.000057  
 0.992213   0.000051  
 0.992407   0.000060  
 0.992599   0.000066  
 0.992789   0.000059  
 0.992976   0.000054  
 0.993160   0.000063  
 0.993343   0.000069  
 0.993522   0.000062  
 0.993700   0.000057  
 0.993874   0.000066  
 0.994047   0.000073  
 0.994217   0.000065  
 0.994384   0.000060  
 0.994549   0.000070  
 0.994712   0.000077  
 0.994872   0.000068  
 0.995030   0.000063  
 0.995185   0.000074  
 0.995337   0.000081  
 0.995488   0.000072  
 0.995636   0.000067  
 0.995781   0.000079  
 0.995924   0.000086  
 0.996064   0.000077  
 0.996202   0.000072  
 0.996338   0.000085  
 0.996471   0.000092  
 0.996602   0.000082  
 0.996730   0.000077  
 0.996855   0.000091  
 0.996979   0.000099  
 0.997099   0.000088  
 0.997218   0.000084  
 0.997334   0.000099  
 0.997447   0.000107  
 0.997558   0.000095  
 0.997666   0.000091  
 0.997772   0.000108  
 0.997876   0.000117  
 0.997977   0.000104  
 0.998076   0.000101  
 0.998172   0.000120  
 0.998266   0.000128  
 0.998357   0.000115  
 0.998446   0.000112  
 0.998532   0.000133  
 0.998616   0.000143  
 0.998697   0.000128  
 0.998776   0.000126  
 0.998853   0.000151  
 0.998927   0.000162  
 0.998998   0.000145  
 0.999067   0.000144  
 0.999134   0.000174  
 0.999198   0.000186  
 0.999260   0.000168  
 0.999319   0.000169  
 0.999376   0.000205  
 0.999430   0.000220  
 0.999482   0.000200  
 0.999531   0.000204  
 0.999578   0.000249  
 0.999622   0.000269  
 0.999664   0.000247  
 0.999704   0.000257  
 0.999741   0.000319  
 0.999775   0.000348  
 0.999807   0.000325  
 0.999837   0.000347  
 0.999864   0.000441  
 0.999889   0.000493  
 0.999911   0.000476  
 0.999931   0.000533  
 0.999948   0.000713  
 0.999963   0.000849  
 0.999975   0.000896  
 0.999985   0.001145  
 0.999992   0.001858  
 0.999997   0.003103  
