1.000000  46234.946451  
0.999995  417.103292  
0.999980  -41285.744562  
0.999956  -2312.180439  
0.999921  28906.564761  
0.999877  6206.907745  
0.999823  -14967.474486  
0.999760  -10520.755938  
0.999686  5216.043509  
0.999603  12054.906637  
0.999511  -2185.293047  
0.999408  -8486.931810  
0.999297  4483.334848  
0.999175  484.600623  
0.999044  -8576.419244  
0.998903  8269.818345  
0.998753  11446.253157  
0.998593  -13233.376656  
0.998424  -12163.987875  
0.998245  11774.259762  
0.998057  11571.444973  
0.997859  -4614.901911  
0.997652  -10820.738327  
0.997436  -4907.189819  
0.997210  10222.571504  
0.996975  13002.611017  
0.996730  -9268.142817  
0.996476  -17405.164578  
0.996213  7500.984337  
0.995941  17992.312120  
0.995659  -5216.781364  
0.995368  -16080.197808  
0.995068  3294.739476  
0.994759  13308.754724  
0.994441  -2388.707304  
0.994113  -10978.580770  
0.993777  2318.889976  
0.993431  9973.452203  
0.993076  -2265.790266  
0.992713  -10802.681923  
0.992340  1564.665695  
0.991958  13372.771409  
0.991567  -323.259750  
0.991168  -16662.582182  
0.990759  -726.289513  
0.990342  18857.976291  
0.989915  982.052033  
0.989480  -18231.974813  
0.989036  -588.689466  
0.988583  14338.993311  
0.988122  301.958981  
0.987651  -8615.651560  
0.987172  -708.663159  
0.986684  3764.991878  
0.986188  1543.295265  
0.985683  -2188.901394  
0.985169  -1793.995306  
0.984647  4504.524401  
0.984116  590.443419  
0.983576  -9176.897728  
0.983028  1860.393311  
0.982472  13502.760104  
0.981907  -4126.863021  
0.981333  -15223.770362  
0.980751  4407.808257  
0.980161  13674.217659  
0.979562  -1787.359892  
0.978955  -9816.121855  
0.978340  -3042.783121  
0.977716  5359.008971  
0.977084  8115.657206  
0.976444  -1720.151970  
0.975795  -11314.828450  
0.975139  -509.378263  
0.974474  11510.930759  
0.973801  1463.238134  
0.973120  -9025.661203  
0.972430  -1600.092927  
0.971733  5287.598274  
0.971028  1395.953567  
0.970314  -2052.295425  
0.969593  -1242.463211  
0.968863  675.035130  
0.968126  1412.139419  
0.967381  -1693.603724  
0.966628  -1965.786885  
0.965867  4714.176607  
0.965098  2674.724500  
0.964321  -8530.785118  
0.963537  -3131.599393  
0.962744  11493.576407  
0.961944  3072.892247  
0.961137  -12143.574983  
0.960321  -2676.123160  
0.959498  9939.626094  
0.958668  2520.595645  
0.957829  -5677.358489  
0.956984  -3147.176636  
0.956130  1225.650692  
0.955269  4530.710627  
0.954401  1414.756447  
0.953525  -5932.300679  
0.952642  -1229.829346  
0.951751  6342.686062  
0.950853  -1220.018560  
0.949948  -5243.535374  
0.949035  4151.057482  
0.948115  3108.577551  
0.947188  -5632.224423  
0.946253  -1219.134307  
0.945311  4687.033184  
0.944362  875.471423  
0.943406  -1735.821967  
0.942443  -2543.502390  
0.941472  -1824.403500  
0.940495  5524.546700  
0.939510  4533.854889  
0.938519  -8352.259958  
0.937520  -5659.714063  
0.936515  9622.120730  
0.935503  5437.938193  
0.934483  -8718.527406  
0.933457  -4760.076652  
0.932424  6051.827039  
0.931384  4604.759533  
0.930337  -2773.060124  
0.929284  -5545.266646  
0.928224  208.429051  
0.927157  7509.564625  
0.926083  697.359839  
0.925003  -9818.518427  
0.923916  255.440019  
0.922823  11470.435477  
0.921723  -2436.193165  
0.920616  -11609.637790  
0.919503  4622.088582  
0.918384  10024.105900  
0.917258  -5544.820098  
0.916125  -7401.849317  
0.914987  4570.842100  
0.913841  5096.188184  
0.912690  -2156.669329  
0.911532  -4406.620215  
0.910368  -285.028371  
0.909198  5752.987979  
0.908021  1174.661034  
0.906838  -8307.726919  
0.905650  191.661599  
0.904455  10428.655825  
0.903254  -3034.959561  
0.902046  -10690.475907  
0.900833  5424.087868  
0.899614  8836.260639  
0.898389  -5437.156741  
0.897158  -5959.604001  
0.895920  2428.525561  
0.894677  3748.082653  
0.893429  2468.209667  
0.892174  -3306.181379  
0.890913  -6984.943194  
0.889647  4403.879444  
0.888375  9104.243772  
0.887097  -5695.183223  
0.885814  -8259.806301  
0.884525  5735.323644  
0.883230  5568.127440  
0.881930  -4039.879745  
0.880624  -2998.226284  
0.879313  1417.817540  
0.877996  2108.229108  
0.876674  630.943106  
0.875346  -3208.850783  
0.874013  -975.083937  
0.872674  5425.783709  
0.871330  -406.085359  
0.869981  -7464.596500  
0.868626  2483.469512  
0.867266  8446.742508  
0.865901  -3914.542160  
0.864531  -8266.075417  
0.863155  3875.419136  
0.861775  7371.374311  
0.860389  -2430.864901  
0.858998  -6306.320199  
0.857602  300.254720  
0.856202  5414.378493  
0.854796  1682.277341  
0.853385  -4851.558038  
0.851969  -2985.178620  
0.850548  4732.289388  
0.849123  3465.150160  
0.847692  -5151.992670  
0.846257  -3232.459536  
0.844817  6026.229104  
0.843372  2537.963130  
0.841923  -6941.258580  
0.840469  -1785.143090  
0.839010  7260.111447  
0.837547  1541.443709  
0.836079  -6508.437947  
0.834606  -2357.736512  
0.833129  4771.253032  
0.831647  4388.750346  
0.830161  -2745.196885  
0.828670  -7074.797258  
0.827175  1322.273899  
0.825676  9225.068770  
0.824172  -962.571004  
0.822664  -9607.377351  
0.821152  1328.568279  
0.819635  7746.888217  
0.818114  -1500.428559  
0.816589  -4389.337332  
0.815060  661.193540  
0.813527  1228.181834  
0.811989  1240.567659  
0.810448  27.272087  
0.808902  -3366.835963  
0.807352  1315.296237  
0.805799  4544.686621  
0.804241  -4477.473723  
0.802680  -4131.150934  
0.801114  7662.310076  
0.799545  2562.917543  
0.797972  -9141.065699  
0.796395  -1163.403711  
0.794814  8276.430770  
0.793230  1300.769334  
0.791642  -5829.906165  
0.790050  -3459.326906  
0.788454  3385.591655  
0.786855  6862.702879  
0.785253  -2304.635423  
0.783646  -9914.491495  
0.782037  2904.658444  
0.780423  11168.074338  
0.778806  -4363.338722  
0.777186  -10191.491056  
0.775563  5338.452579  
0.773936  7785.121358  
0.772305  -4842.399529  
0.770672  -5453.431006  
0.769035  2803.290225  
0.767395  4505.829936  
0.765751  -15.204298  
0.764104  -5351.885385  
0.762455  -2401.789481  
0.760802  7372.734179  
0.759146  3639.866729  
0.757487  -9362.613149  
0.755824  -3568.863899  
0.754159  10217.547837  
0.752491  2693.565534  
0.750820  -9479.212696  
0.749146  -1817.075896  
0.747469  7499.736193  
0.745789  1633.634967  
0.744107  -5222.009549  
0.742421  -2432.747112  
0.740733  3725.556652  
0.739042  3998.392205  
0.737348  -3733.435354  
0.735652  -5716.213955  
0.733953  5259.754084  
0.732252  6860.115855  
0.730547  -7543.027378  
0.728841  -6971.185693  
0.727131  9340.474225  
0.725420  6160.022926  
0.723705  -9515.593991  
0.721989  -5131.392838  
0.720269  7665.795093  
0.718548  4835.391562  
0.716824  -4431.807604  
0.715098  -5882.500202  
0.713370  1236.661499  
0.711639  8073.671202  
0.709906  479.072105  
0.708171  -10400.849762  
0.706433  -108.766286  
0.704694  11603.196955  
0.702952  -1721.080189  
0.701209  -10972.733600  
0.699463  3501.533256  
0.697715  8876.013901  
0.695965  -3759.583694  
0.694214  -6597.503335  
0.692460  1968.421583  
0.690705  5555.195991  
0.688947  1141.790425  
0.687188  -6385.229484  
0.685427  -4071.328414  
0.683664  8509.704983  
0.681899  5502.796538  
0.680133  -10489.201776  
0.678365  -5086.681027  
0.676595  10932.787685  
0.674824  3570.506492  
0.673051  -9367.941409  
0.671276  -2243.453787  
0.669500  6516.348835  
0.667722  2112.729853  
0.665943  -3831.603626  
0.664163  -3353.360538  
0.662381  2630.097028  
0.660597  5329.506415  
0.658812  -3365.377064  
0.657026  -7084.575832  
0.655239  5446.319019  
0.653450  7928.951444  
0.651660  -7629.327064  
0.649868  -7768.814861  
0.648076  8692.269621  
0.646282  7047.699043  
0.644487  -8005.875020  
0.642691  -6418.467418  
0.640894  5751.545952  
0.639096  6372.917835  
0.637297  -2753.622496  
0.635497  -7011.698585  
0.633696  60.022805  
0.631894  8024.586809  
0.630091  1531.221613  
0.628287  -8857.108117  
0.626482  -1813.391919  
0.624676  8986.507860  
0.622870  1246.526692  
0.621063  -8197.000114  
0.619255  -723.515774  
0.617446  6726.312199  
0.615637  1113.459733  
0.613827  -5185.496076  
0.612016  -2794.850311  
0.610205  4257.445248  
0.608393  5428.472307  
0.606580  -4318.592311  
0.604767  -8111.739899  
0.602954  5205.775488  
0.601140  9843.284959  
0.599326  -6287.224517  
0.597511  -10040.764751  
0.595695  6813.458023  
0.593880  8824.931263  
0.592064  -6342.280558  
0.590248  -6930.774529  
0.588431  4983.670002  
0.586614  5326.316315  
0.584797  -3328.998456  
0.582980  -4763.225590  
0.581163  2123.701074  
0.579345  5475.937826  
0.577528  -1875.990330  
0.575710  -7130.355603  
0.573892  2594.907341  
0.572074  9001.152843  
0.570256  -3756.311122  
0.568438  -10291.237038  
0.566621  4494.138122  
0.564803  10484.081845  
0.562985  -3954.510019  
0.561167  -9599.580265  
0.559350  1709.701265  
0.557533  8215.246931  
0.555716  1925.591938  
0.553899  -7178.116760  
0.552082  -5870.479677  
0.550266  7099.800111  
0.548450  8672.444405  
0.546634  -7917.151333  
0.544819  -9227.585490  
0.543004  8847.278674  
0.541189  7466.506458  
0.539375  -8859.256308  
0.537562  -4544.592316  
0.535748  7414.136479  
0.533936  2298.129563  
0.532124  -4959.443520  
0.530312  -2197.761082  
0.528501  2756.255212  
0.526691  4433.256269  
0.524881  -2066.660831  
0.523072  -7763.403268  
0.521263  3231.417569  
0.519456  10292.150149  
0.517649  -5320.643688  
0.515842  -10688.351562  
0.514037  6675.410426  
0.512232  9027.378425  
0.510428  -6010.962667  
0.508625  -6679.140697  
0.506823  3310.429713  
0.505022  5340.420585  
0.503222  139.765891  
0.501423  -5912.069524  
0.499624  -2605.985658  
0.497827  7999.942051  
0.496031  3042.502362  
0.494236  -10324.534910  
0.492441  -1710.978260  
0.490648  11654.405856  
0.488856  -100.970280  
0.487066  -11550.278815  
0.485276  982.356167  
0.483488  10442.214611  
0.481700  -241.914080  
0.479914  -9123.545593  
0.478130  -1846.482865  
0.476346  8156.211042  
0.474564  4420.275418  
0.472783  -7636.588727  
0.471004  -6614.255637  
0.469226  7374.446434  
0.467449  7916.004868  
0.465674  -7181.293805  
0.463900  -8176.792936  
0.462128  6957.560373  
0.460357  7491.266620  
0.458588  -6566.338470  
0.456820  -6182.397224  
0.455054  5752.168930  
0.453289  4871.466845  
0.451526  -4318.156397  
0.449765  -4388.272285  
0.448005  2454.342411  
0.446247  5363.508528  
0.444491  -850.647359  
0.442736  -7697.959441  
0.440983  333.569562  
0.439232  10372.131497  
0.437483  -1196.626904  
0.435735  -11920.224639  
0.433990  2767.094883  
0.432246  11379.229277  
0.430504  -3678.603849  
0.428764  -9051.890154  
0.427026  2785.170980  
0.425289  6440.126657  
0.423555  -74.935303  
0.421823  -5280.793722  
0.420092  -3164.566942  
0.418364  6326.988073  
0.416638  5159.005037  
0.414914  -8778.871196  
0.413191  -4900.156390  
0.411471  10823.136524  
0.409753  2908.317065  
0.408038  -10907.899569  
0.406324  -903.194228  
0.404613  8813.542296  
0.402903  601.579609  
0.401196  -5736.909814  
0.399492  -2526.366639  
0.397789  3365.294088  
0.396089  5694.984271  
0.394391  -2673.801847  
0.392695  -8374.299114  
0.391002  3342.732052  
0.389311  9291.492518  
0.387622  -4159.815290  
0.385936  -8400.206812  
0.384253  4001.861517  
0.382571  6712.592477  
0.380892  -2601.143864  
0.379216  -5448.928110  
0.377542  566.085886  
0.375871  5221.970175  
0.374202  1229.895446  
0.372536  -5829.688437  
0.370872  -2308.792311  
0.369211  6665.027600  
0.367552  2779.667260  
0.365896  -7273.559923  
0.364243  -3021.503125  
0.362592  7577.592094  
0.360944  3254.112302  
0.359299  -7681.196234  
0.357657  -3418.458635  
0.356017  7573.335091  
0.354380  3425.303279  
0.352745  -7091.406002  
0.351114  -3450.246610  
0.349485  6188.000578  
0.347859  3913.068709  
0.346236  -5191.372578  
0.344616  -5105.540879  
0.342999  4714.503490  
0.341384  6807.250580  
0.339773  -5192.116686  
0.338164  -8292.408168  
0.336558  6410.706486  
0.334956  8807.960640  
0.333356  -7477.652691  
0.331759  -8174.076125  
0.330165  7351.637799  
0.328574  7005.650787  
0.326987  -5587.841513  
0.325402  -6326.734399  
0.323820  2734.864418  
0.322242  6832.496810  
0.320666  -49.885631  
0.319094  -8349.447374  
0.317525  -1298.558648  
0.315959  9911.129012  
0.314396  987.772461  
0.312836  -10409.442915  
0.311279  265.574404  
0.309726  9358.971954  
0.308176  -1193.188545  
0.306629  -7239.284930  
0.305085  793.016698  
0.303545  5192.354572  
0.302008  1069.429417  
0.300474  -4299.109472  
0.298943  -3636.848477  
0.297416  4919.796528  
0.295892  5774.703413  
0.294372  -6503.445285  
0.292855  -6661.975031  
0.291341  7947.429625  
0.289831  6236.659123  
0.288324  -8255.573841  
0.286820  -5169.893051  
0.285320  7099.646828  
0.283823  4432.893881  
0.282330  -4981.341019  
0.280840  -4731.790311  
0.279354  2930.305934  
0.277871  6126.350301  
0.276392  -1918.907110  
0.274916  -8028.586842  
0.273444  2313.359094  
0.271975  9568.673338  
0.270510  -3659.205759  
0.269049  -10116.443650  
0.267591  4925.736661  
0.266137  9653.950554  
0.264686  -5083.618253  
0.263239  -8769.350448  
0.261795  3690.772336  
0.260356  8264.325599  
0.258920  -1139.675856  
0.257487  -8616.282020  
0.256058  -1587.071242  
0.254633  9647.613632  
0.253212  3500.340883  
0.251794  -10631.744721  
0.250380  -4156.294309  
0.248970  10773.444968  
0.247564  3833.152886  
0.246161  -9739.282732  
0.244762  -3252.426114  
0.243367  7877.789857  
0.241976  3074.130326  
0.240588  -5991.289442  
0.239205  -3525.514624  
0.237825  4837.460798  
0.236449  4384.943173  
0.235077  -4710.453936  
0.233708  -5259.205690  
0.232344  5357.811978  
0.230983  5893.530391  
0.229626  -6222.640498  
0.228274  -6284.545560  
0.226925  6782.590029  
0.225580  6572.310787  
0.224239  -6750.305211  
0.222902  -6872.231398  
0.221568  6074.250077  
0.220239  7214.283047  
0.218914  -4854.077940  
0.217593  -7605.197230  
0.216275  3303.339260  
0.214962  8086.253892  
0.213653  -1763.135781  
0.212347  -8673.723999  
0.211046  650.907159  
0.209749  9224.856775  
0.208456  -263.986591  
0.207166  -9402.474563  
0.205881  529.659303  
0.204600  8861.030577  
0.203323  -927.457500  
0.202050  -7564.950029  
0.200781  739.697759  
0.199516  5968.889300  
0.198255  471.020845  
0.196999  -4834.581100  
0.195746  -2493.661789  
0.194498  4735.717179  
0.193254  4530.654045  
0.192013  -5594.652672  
0.190777  -5711.175483  
0.189545  6637.885701  
0.188318  5712.406843  
0.187094  -6874.290655  
0.185875  -5018.964616  
0.184659  5791.333292  
0.183448  4593.911886  
0.182241  -3759.317645  
0.181039  -5178.795701  
0.179840  1818.639208  
0.178646  6738.301128  
0.177456  -977.167353  
0.176270  -8471.710965  
0.175088  1517.976918  
0.173910  9389.850031  
0.172737  -2817.054231  
0.171568  -9029.019992  
0.170403  3792.454405  
0.169243  7774.578928  
0.168086  -3642.839807  
0.166934  -6568.861648  
0.165786  2339.115852  
0.164643  6239.977981  
0.163503  -544.907620  
0.162368  -6952.316943  
0.161237  -921.177956  
0.160111  8156.694853  
0.158989  1650.007233  
0.157871  -9026.034511  
0.156757  -1831.766173  
0.155648  9017.156636  
0.154543  1993.704715  
0.153442  -8155.380365  
0.152345  -2550.022495  
0.151253  6896.406291  
0.150165  3525.307037  
0.149082  -5747.514297  
0.148002  -4621.241328  
0.146928  4967.821647  
0.145857  5503.431035  
0.144791  -4536.249171  
0.143729  -6037.358223  
0.142671  4321.633292  
0.141618  6299.116172  
0.140569  -4239.727165  
0.139524  -6413.562640  
0.138484  4248.859468  
0.137448  6417.886330  
0.136416  -4232.315114  
0.135389  -6291.461908  
0.134366  3945.551745  
0.133348  6102.036363  
0.132333  -3145.896503  
0.131323  -6081.620632  
0.130318  1827.882758  
0.129317  6497.995346  
0.128320  -343.845603  
0.127328  -7389.342043  
0.126339  -755.822516  
0.125356  8397.302743  
0.124376  1101.022855  
0.123401  -8901.471933  
0.122431  -823.729756  
0.121464  8426.786368  
0.120502  542.201283  
0.119545  -7044.589255  
0.118592  -961.388155  
0.117643  5435.808272  
0.116698  2349.493112  
0.115758  -4502.722237  
0.114822  -4282.748046  
0.113891  4757.524708  
0.112964  5883.658503  
0.112041  -5918.648857  
0.111123  -6418.422030  
0.110209  7034.996195  
0.109299  5834.454858  
0.108394  -7093.162730  
0.107493  -4835.239495  
0.106596  5704.912246  
0.105704  4412.117062  
0.104816  -3392.491848  
0.103933  -5150.729580  
0.103054  1259.951293  
0.102179  6806.203824  
0.101308  -270.175963  
0.100442  -8457.485043  
0.099581  625.947381  
0.098723  9137.307550  
0.097870  -1675.011437  
0.097021  -8493.809112  
0.096177  2383.549142  
0.095337  7022.243133  
0.094501  -2027.235401  
0.093670  -5718.643355  
0.092843  619.542406  
0.092020  5415.466836  
0.091201  1186.539748  
0.090387  -6264.053412  
0.089577  -2601.457409  
0.088772  7694.492109  
0.087971  3219.793841  
0.087174  -8830.214273  
0.086381  -3207.402103  
0.085593  9033.377713  
0.084809  3082.874277  
0.084029  -8216.704669  
0.083254  -3312.516540  
0.082483  6773.605919  
0.081716  4027.053556  
0.080953  -5258.421274  
0.080195  -5020.181447  
0.079441  4079.274693  
0.078691  5954.545482  
0.077946  -3380.629901  
0.077205  -6574.522401  
0.076468  3102.926941  
0.075735  6784.251858  
0.075006  -3086.905381  
0.074282  -6605.554760  
0.073562  3122.974082  
0.072846  6127.359088  
0.072134  -2964.016131  
0.071427  -5517.225103  
0.070724  2385.829101  
0.070025  5048.953793  
0.069330  -1321.852862  
0.068640  -5042.052998  
0.067953  -20.210065  
0.067271  5681.240922  
0.066593  1199.981085  
0.065919  -6825.250033  
0.065250  -1787.781446  
0.064584  7982.907400  
0.063923  1677.560476  
0.063265  -8542.995828  
0.062612  -1235.785932  
0.061963  8147.254710  
0.061319  1133.473046  
0.060678  -6953.036303  
0.060041  -1930.871041  
0.059409  5575.017383  
0.058780  3682.169748  
0.058156  -4710.672917  
0.057536  -5840.983435  
0.056920  4686.307280  
0.056308  7553.614053  
0.055700  -5232.122286  
0.055096  -8162.443197  
0.054496  5647.016285  
0.053900  7596.951671  
0.053309  -5251.055817  
0.052721  -6405.537856  
0.052137  3832.106946  
0.051557  5418.058863  
0.050982  -1801.635973  
0.050410  -5259.911320  
0.049842  -33.081624  
0.049279  6014.489083  
0.048719  934.090219  
0.048163  -7219.471169  
0.047611  -655.725773  
0.047063  8172.831222  
0.046519  -413.334541  
0.045979  -8351.828847  
0.045443  1456.971948  
0.044911  7703.891622  
0.044383  -1663.909022  
0.043858  -6657.548812  
0.043338  650.726044  
0.042821  5861.011194  
0.042309  1344.260031  
0.041800  -5799.943821  
0.041295  -3593.377061  
0.040793  6507.109953  
0.040296  5266.960385  
0.039802  -7527.739629  
0.039313  -5870.559321  
0.038827  8167.047536  
0.038345  5496.051547  
0.037866  -7886.687736  
0.037392  -4747.203702  
0.036921  6622.936768  
0.036454  4380.979835  
0.035990  -4834.261046  
0.035531  -4871.325492  
0.035075  3241.507660  
0.034623  6149.420628  
0.034174  -2411.618918  
0.033729  -7667.064336  
0.033288  2435.421305  
0.032851  8731.783900  
0.032417  -2892.083081  
0.031987  -8901.159115  
0.031560  3112.653646  
0.031137  8203.447005  
0.030718  -2572.683158  
0.030302  -7077.294002  
0.029890  1178.577377  
0.029481  6100.858267  
0.029076  702.767541  
0.028675  -5689.660881  
0.028277  -2457.584911  
0.027883  5925.224793  
0.027492  3539.954938  
0.027105  -6570.689905  
0.026721  -3722.098937  
0.026340  7223.474762  
0.025964  3181.608206  
0.025590  -7511.169877  
0.025220  -2416.265498  
0.024854  7251.934551  
0.024490  2035.316305  
0.024131  -6531.422210  
0.023774  -2500.360653  
0.023422  5667.580115  
0.023072  3904.566855  
0.022726  -5057.191543  
0.022383  -5889.858824  
0.022043  4949.562950  
0.021707  7775.794499  
0.021374  -5260.100748  
0.021045  -8882.162139  
0.020718  5558.801877  
0.020395  8899.089216  
0.020076  -5291.293543  
0.019759  -8084.908624  
0.019446  4134.110139  
0.019136  7137.997602  
0.018829  -2258.646606  
0.018525  -6785.204871  
0.018224  296.871202  
0.017927  7332.181543  
0.017633  1013.431548  
0.017342  -8472.827379  
0.017054  -1292.714138  
0.016769  9494.893305  
0.016487  778.055529  
0.016208  -9747.148557  
0.015933  -183.733384  
0.015660  9048.762146  
0.015391  246.355395  
0.015124  -7766.691403  
0.014860  -1262.285973  
0.014600  6531.050729  
0.014342  2928.941965  
0.014088  -5815.514920  
0.013836  -4579.522625  
0.013587  5685.001004  
0.013342  5623.242786  
0.013099  -5858.538221  
0.012859  -5879.613518  
0.012622  5986.048782  
0.012387  5607.290791  
0.012156  -5895.633290  
0.011927  -5269.266785  
0.011701  5634.479329  
0.011479  5248.328387  
0.011258  -5324.818271  
0.011041  -5706.460448  
0.010826  5006.358189  
0.010614  6616.684118  
0.010405  -4614.937731  
0.010199  -7849.239715  
0.009995  4090.977058  
0.009794  9193.839769  
0.009595  -3477.017292  
0.009399  -10325.660308  
0.009206  2880.089020  
0.009015  10832.713798  
0.008827  -2324.189648  
0.008642  -10390.992400  
0.008459  1652.921561  
0.008279  9016.399140  
0.008101  -621.860757  
0.007926  -7188.130241  
0.007753  -853.636617  
0.007583  5675.301936  
0.007415  2504.256412  
0.007249  -5110.930158  
0.007087  -3779.360139  
0.006926  5582.630611  
0.006768  4200.814178  
0.006612  -6548.652498  
0.006459  -3761.307061  
0.006308  7179.242825  
0.006159  3043.351274  
0.006013  -6909.795678  
0.005869  -2909.802250  
0.005727  5817.541457  
0.005588  3937.633306  
0.005450  -4546.279637  
0.005315  -5986.225437  
0.005182  3830.344477  
0.005052  8226.122367  
0.004923  -3964.276953  
0.004797  -9637.292923  
0.004673  4602.294888  
0.004551  9649.037556  
0.004431  -5022.989993  
0.004314  -8489.187444  
0.004198  4651.080621  
0.004084  7015.775443  
0.003973  -3449.711669  
0.003863  -6164.558496  
0.003756  1910.592415  
0.003650  6395.525254  
0.003547  -676.189606  
0.003445  -7489.473841  
0.003345  89.375375  
0.003248  8777.041690  
0.003152  7.718175  
0.003058  -9589.972625  
0.002966  -111.679427  
0.002875  9616.027344  
0.002787  685.729844  
0.002700  -8964.337062  
0.002616  -1855.932769  
0.002533  7979.827379  
0.002451  3365.075334  
0.002372  -6998.106806  
0.002294  -4766.627471  
0.002218  6211.458526  
0.002144  5686.356786  
0.002071  -5677.733406  
0.002000  -5979.416096  
0.001930  5384.358423  
0.001863  5731.756539  
0.001796  -5273.578484  
0.001732  -5174.452508  
0.001669  5221.101125  
0.001607  4602.408608  
0.001547  -5036.777218  
0.001488  -4322.599170  
0.001431  4542.537265  
0.001376  4590.020044  
0.001322  -3694.382084  
0.001269  -5499.067727  
0.001218  2643.756307  
0.001168  6875.228401  
0.001119  -1658.948438  
0.001072  -8271.693440  
0.001026  939.429608  
0.000982  9139.451530  
0.000939  -460.066847  
0.000897  -9115.127711  
0.000856  -19.923148  
0.000817  8254.685692  
0.000779  768.527874  
0.000742  -7039.427622  
0.000706  -1845.875476  
0.000671  6116.199103  
0.000638  3008.986204  
0.000605  -5917.510031  
0.000574  -3850.207248  
0.000544  6403.167704  
0.000515  4088.147258  
0.000487  -7095.087157  
0.000460  -3804.859730  
0.000434  7384.436843  
0.000409  3446.706490  
0.000385  -6909.531370  
0.000362  -3566.932101  
0.000340  5760.294993  
0.000318  4471.261029  
0.000298  -4387.585762  
0.000279  -6002.240449  
0.000260  3294.286438  
0.000242  7610.514072  
0.000226  -2722.398709  
0.000209  -8672.896010  
0.000194  2538.036300  
0.000180  8856.788700  
0.000166  -2371.909461  
0.000153  -8303.647373  
0.000140  1900.904043  
0.000129  7523.748639  
0.000118  -1071.702178  
0.000107  -7077.809383  
0.000098  119.616123  
0.000088  7249.028437  
0.000080  618.029556  
0.000072  -7904.274930  
0.000064  -955.647157  
0.000058  8615.151619  
0.000051  1001.181782  
0.000045  -8944.574693  
0.000040  -1087.848852  
0.000035  8707.754259  
0.000030  1543.826074  
0.000026  -8046.493381  
0.000022  -2460.299869  
0.000019  7288.261962  
0.000016  3620.321962  
0.000013  -6705.810154  
0.000011  -4639.772162  
0.000009  6351.428754  
0.000007  5222.777151  
0.000006  -6073.820216  
0.000004  -5352.117743  
0.000003  5684.299596  
0.000002  5281.548782  
0.000002  -5127.659560  
0.000001  -5341.257385  
0.000001  4516.388872  
0.000000  5704.787805  
0.000000  -4003.681239  
0.000000  -6291.099644  
0.000000  3609.180999  
