starting to write coordinates
time arranging Coordinates : 0.00306392
starting to constructing hamiltonian 288
time Hamiltonian : 0.00927019
time KPM : 0.267882
sp2count is 0, and trace is 56.106991 
sp2count is 1, and trace is 80.537272 
sp2count is 2, and trace is 93.213871 
sp2count is 3, and trace is 96.473640 
sp2count is 4, and trace is 95.118570 
writing sp2Input vector
Vec Object: 1 MPI processes
  type: seq
0.40343
0.48276
0.526544
0.0341103
0.408458
0.29824
0.998596
0.0952837
0.726929
0.967118
0.583663
0.641857
0.260399
0.31989
0.388317
0.344419
0.635305
0.431115
0.13746
0.246449
0.898414
0.343008
0.511907
0.50106
0.696544
0.465389
0.0391737
0.227324
0.45738
0.020863
0.373445
0.973958
0.954748
0.9482
0.116972
0.890543
0.508535
0.723048
0.464727
0.686588
0.36338
0.619874
0.206542
0.0497754
0.516062
0.054625
0.00899612
0.280473
0.252358
0.111902
0.388629
0.254419
0.821011
0.986918
0.547801
0.364448
0.254681
0.440236
0.896572
0.120942
0.162718
0.0670265
0.95367
0.555524
0.0137986
0.0826961
0.685202
0.310443
0.721509
0.799105
0.682708
0.284507
0.294669
0.151995
0.837027
0.313587
0.546376
0.697695
0.968935
0.598354
0.829467
0.848721
0.822467
0.353509
0.0174379
0.701839
0.70612
0.48125
0.343177
0.332758
0.127961
0.397912
0.685361
0.608484
0.963061
0.537719
0.724781
0.386938
0.919087
0.483522
0.428596
0.934593
0.434728
0.233576
0.236541
0.763343
0.215417
0.299221
0.374106
0.149683
0.644331
0.274373
0.986868
0.90052
0.519633
0.248586
0.438466
0.533914
0.380385
0.115959
0.631528
0.778971
0.965524
0.0182383
0.663514
0.0116361
0.677986
0.048138
0.413437
0.0426321
0.827773
0.0153078
0.744457
0.186244
0.634981
0.769889
0.203087
0.155671
0.671039
0.905495
0.278141
0.45943
0.491421
0.88344
0.1596
0.286752
0.506661
0.882614
0.295364
0.556393
0.694591
0.274494
0.996707
0.817061
0.0723437
0.23118
0.583501
0.998308
0.122165
0.917239
0.608451
0.853698
0.753561
0.205496
0.154318
0.0643059
0.242421
0.24525
0.986145
0.896662
0.724941
0.24188
0.966746
0.567467
0.753183
0.86325
0.941158
0.855514
0.605725
0.0450829
0.675533
0.3328
0.160094
0.0396826
0.137334
0.940887
0.295485
0.14559
0.744036
0.609889
0.830015
0.116357
0.332368
0.566365
0.68457
0.111454
0.733106
0.778908
0.286789
0.698978
0.529227
0.287885
0.618359
0.716424
0.957843
0.615867
0.90431
0.251136
0.94669
0.980607
0.835179
0.0155923
0.990165
0.0715016
0.695785
0.504392
0.33237
0.907376
0.594857
0.460415
0.677513
0.987882
0.598257
0.918383
0.162054
0.0681793
0.36816
0.896887
0.44664
0.427837
0.507926
0.277377
0.695987
0.236646
0.266975
0.533823
0.66632
0.324489
0.334468
0.393565
0.695713
0.387486
0.860884
0.742595
0.753941
0.971689
0.511544
0.802327
0.844348
0.797844
0.647862
0.85535
0.528336
0.470858
0.725825
0.281089
0.558679
0.965912
0.725154
0.965657
0.0348288
0.62572
0.108371
0.000850815
0.933215
0.631757
0.140953
0.103663
0.69837
0.933642
0.769837
0.128303
0.0143667
0.608133
0.998312
0.0572915
0.196749
0.260757
0.354973
0.736474
0.467133
0.833201
0.629817
0.541652
0.888273
0.507814
0.242036
0.953126
writing sp2Output vector
Vec Object: 1 MPI processes
  type: seq
0.40343
0.48276
0.526543
0.0341103
0.408457
0.29824
0.998596
0.0952837
0.726929
0.967118
0.583663
0.641857
0.260399
0.319889
0.388317
0.344418
0.635305
0.431115
0.13746
0.246448
0.898414
0.343008
0.511907
0.50106
0.696544
0.465389
0.0391737
0.227324
0.45738
0.020863
0.373445
0.973957
0.954747
0.948199
0.116972
0.890543
0.508535
0.723047
0.464727
0.686588
0.36338
0.619874
0.206542
0.0497754
0.516061
0.054625
0.00899611
0.280473
0.252358
0.111902
0.388629
0.254419
0.821011
0.986918
0.547801
0.364448
0.254681
0.440235
0.896571
0.120942
0.162718
0.0670265
0.953669
0.555524
0.0137986
0.082696
0.685201
0.310443
0.721508
0.799105
0.682708
0.284507
0.294668
0.151995
0.837026
0.313587
0.546376
0.697694
0.968935
0.598354
0.829466
0.84872
0.822467
0.353509
0.0174379
0.701839
0.706119
0.48125
0.343177
0.332758
0.127961
0.397911
0.685361
0.608484
0.963061
0.537718
0.72478
0.386938
0.919087
0.483521
0.428595
0.934593
0.434727
0.233576
0.236541
0.763343
0.215416
0.29922
0.374106
0.149683
0.64433
0.274373
0.986868
0.90052
0.519633
0.248586
0.438465
0.533914
0.380385
0.115959
0.631527
0.77897
0.965524
0.0182383
0.663513
0.0116361
0.677985
0.0481379
0.413437
0.0426321
0.827772
0.0153078
0.744457
0.186244
0.634981
0.769889
0.203087
0.15567
0.671039
0.905494
0.278141
0.45943
0.49142
0.883439
0.1596
0.286752
0.506661
0.882614
0.295364
0.556393
0.69459
0.274494
0.996706
0.817061
0.0723437
0.23118
0.5835
0.998308
0.122165
0.917239
0.60845
0.853698
0.753561
0.205496
0.154317
0.0643058
0.242421
0.24525
0.986144
0.896661
0.724941
0.24188
0.966746
0.567467
0.753182
0.86325
0.941158
0.855514
0.605725
0.0450829
0.675532
0.332799
0.160094
0.0396826
0.137334
0.940886
0.295484
0.14559
0.744035
0.609889
0.830014
0.116357
0.332368
0.566365
0.68457
0.111454
0.733106
0.778907
0.286788
0.698978
0.529226
0.287884
0.618359
0.716424
0.957843
0.615867
0.904309
0.251136
0.94669
0.980606
0.835179
0.0155923
0.990165
0.0715016
0.695784
0.504392
0.33237
0.907376
0.594857
0.460415
0.677513
0.987882
0.598257
0.918382
0.162054
0.0681793
0.36816
0.896887
0.446639
0.427837
0.507926
0.277377
0.695987
0.236646
0.266975
0.533823
0.666319
0.324489
0.334468
0.393565
0.695713
0.387486
0.860884
0.742594
0.75394
0.971688
0.511543
0.802327
0.844348
0.797843
0.647862
0.855349
0.528335
0.470858
0.725824
0.281089
0.558678
0.965912
0.725154
0.965656
0.0348288
0.62572
0.108371
0.000850814
0.933215
0.631756
0.140953
0.103663
0.69837
0.933641
0.769837
0.128303
0.0143667
0.608132
0.998312
0.0572914
0.196749
0.260757
0.354973
0.736473
0.467133
0.833201
0.629817
0.541651
0.888272
0.507814
0.242036
0.953125
 writing numerator values
Vec Object: 1 MPI processes
  type: seq
3.84093
6.43946
4.99382
4.79659
5.77851
6.39937
7.51097
5.46959
7.42831
7.44573
7.30773
5.68465
6.14025
9.18546
5.15888
7.09771
6.31084
7.50699
5.65777
6.77701
8.5763
4.72015
4.44862
6.96114
6.95485
7.23238
6.29233
6.34017
8.99379
6.51371
6.1099
7.70914
9.30449
8.03054
6.49771
6.69586
4.61781
6.52516
6.75772
5.87323
7.05167
7.78211
6.4166
5.09668
5.45343
6.61646
6.16834
7.57553
7.34395
6.1067
6.48534
5.65071
7.09048
6.24486
5.94003
5.42318
3.83269
4.73417
5.64921
6.50441
4.14279
4.97038
5.66181
8.06535
7.14433
6.84382
7.29126
3.81323
6.97944
9.80463
8.64109
4.20992
5.67621
3.33478
9.78672
5.63862
4.28207
8.03
5.4131
9.03866
6.94779
6.30283
6.75668
4.7009
8.04891
4.25736
5.16129
4.69154
3.31405
5.99332
8.1154
6.92032
4.82767
5.91736
4.2439
6.70203
7.48936
8.90349
7.04289
6.09975
6.283
7.55435
3.66768
5.87333
6.85203
7.82063
7.25829
7.70332
6.18603
7.72359
4.69283
7.46408
5.63332
5.78421
6.2527
6.1309
8.16977
8.90423
6.2948
7.42856
4.60117
4.49704
8.24709
6.80944
4.67387
4.17401
7.4898
4.30699
8.78703
6.12367
8.89082
6.18832
4.21884
7.23041
6.42238
9.46479
5.37447
7.1144
5.50057
7.43684
7.64753
5.45568
6.07948
9.07506
5.7024
5.66672
8.09989
7.73759
6.03751
6.69984
5.30271
7.82856
6.99558
6.56458
6.97346
4.03705
6.43057
5.6335
7.3984
7.59738
4.81076
6.87839
5.83169
6.01433
5.00786
8.08773
7.40961
7.90829
6.9706
7.51948
7.33438
6.21931
6.3741
6.25286
6.04073
5.72834
5.36362
9.48015
6.61377
4.85078
4.74281
6.84846
6.2078
4.26774
6.26447
6.10952
6.42954
5.71322
7.33126
5.09016
7.40245
7.96435
7.87528
5.91023
6.83847
8.48075
8.77724
10.4016
4.23317
7.29316
7.61225
6.78212
5.57276
6.46714
7.90398
7.11711
8.66435
7.11493
7.37104
4.52939
4.67372
5.71709
6.36267
5.31849
7.6813
7.40726
6.81893
7.88795
6.92353
8.19389
5.31197
6.38985
5.5985
7.59089
9.4766
6.90726
8.96043
6.02461
6.37659
7.107
6.81714
6.21321
6.66043
7.23308
6.4955
4.77547
7.60519
5.50243
6.72656
7.00611
10.2022
7.01234
5.65803
7.50925
6.2734
6.44887
3.55496
7.24862
7.67325
6.74821
6.27272
6.38728
7.14923
8.32196
5.38362
7.1104
5.59483
8.29462
7.06564
8.82512
6.23465
6.49997
7.41242
4.92445
8.35822
6.65722
5.88884
5.07794
8.61069
7.86496
5.45833
3.91325
7.04054
5.06887
6.5205
5.27969
4.1384
6.53681
5.00102
6.98108
7.00645
6.20584
6.15666
5.58954
5.71686
7.38878
5.94463
5.91569
writing denominator values
Vec Object: 1 MPI processes
  type: seq
3.84093
6.43946
4.99382
4.79659
5.77852
6.39937
7.51097
5.46959
7.42832
7.44573
7.30774
5.68465
6.14026
9.18547
5.15888
7.09771
6.31085
7.50699
5.65777
6.77701
8.5763
4.72015
4.44862
6.96114
6.95485
7.23238
6.29233
6.34017
8.9938
6.51371
6.1099
7.70915
9.30449
8.03054
6.49772
6.69587
4.61781
6.52516
6.75772
5.87323
7.05168
7.78211
6.4166
5.09668
5.45344
6.61646
6.16834
7.57553
7.34395
6.1067
6.48534
5.65071
7.09049
6.24486
5.94003
5.42318
3.83269
4.73417
5.64922
6.50441
4.1428
4.97038
5.66182
8.06535
7.14433
6.84382
7.29127
3.81323
6.97944
9.80464
8.64109
4.20992
5.67621
3.33478
9.78672
5.63862
4.28207
8.03001
5.4131
9.03867
6.94779
6.30283
6.75668
4.70091
8.04891
4.25737
5.16129
4.69154
3.31405
5.99332
8.11541
6.92033
4.82767
5.91736
4.24391
6.70204
7.48936
8.9035
7.04289
6.09975
6.283
7.55436
3.66769
5.87334
6.85203
7.82063
7.2583
7.70332
6.18603
7.72359
4.69283
7.46408
5.63332
5.78421
6.2527
6.1309
8.16977
8.90424
6.2948
7.42857
4.60118
4.49704
8.2471
6.80944
4.67387
4.17401
7.48981
4.307
8.78704
6.12367
8.89082
6.18832
4.21884
7.23041
6.42239
9.4648
5.37447
7.1144
5.50057
7.43685
7.64753
5.45568
6.07948
9.07506
5.7024
5.66672
8.09989
7.73759
6.03751
6.69984
5.30271
7.82856
6.99559
6.56458
6.97347
4.03705
6.43057
5.6335
7.3984
7.59738
4.81076
6.87839
5.83169
6.01433
5.00786
8.08773
7.40961
7.90829
6.97061
7.51949
7.33438
6.21931
6.3741
6.25286
6.04073
5.72835
5.36362
9.48015
6.61377
4.85078
4.74281
6.84847
6.2078
4.26774
6.26447
6.10953
6.42955
5.71322
7.33127
5.09016
7.40246
7.96435
7.87528
5.91023
6.83847
8.48076
8.77725
10.4016
4.23318
7.29317
7.61225
6.78212
5.57276
6.46714
7.90398
7.11711
8.66435
7.11493
7.37105
4.52939
4.67372
5.71709
6.36268
5.31849
7.6813
7.40726
6.81893
7.88795
6.92354
8.1939
5.31197
6.38985
5.59851
7.59089
9.4766
6.90727
8.96043
6.02462
6.3766
7.10701
6.81714
6.21322
6.66044
7.23309
6.4955
4.77547
7.60519
5.50244
6.72657
7.00611
10.2023
7.01234
5.65803
7.50926
6.2734
6.44888
3.55496
7.24863
7.67325
6.74821
6.27272
6.38728
7.14924
8.32197
5.38362
7.11041
5.59483
8.29462
7.06564
8.82512
6.23465
6.49997
7.41243
4.92446
8.35822
6.65722
5.88884
5.07794
8.61069
7.86496
5.45833
3.91325
7.04055
5.06887
6.5205
5.27969
4.1384
6.53681
5.00102
6.98108
7.00645
6.20584
6.15667
5.58954
5.71686
7.38878
5.94463
5.9157
time SP2 : 1.35748
Application 78032200 resources: utime ~3s, stime ~1s, Rss ~28444, inblocks ~54753, outblocks ~170073
