starting to write coordinates
time arranging Coordinates : 0.00296116
starting to constructing hamiltonian 288
time Hamiltonian : 0.00937605
time KPM : 0.267531
sp2count is 0, and trace is 56.106991 
sp2count is 1, and trace is 80.537272 
sp2count is 2, and trace is 93.213871 
sp2count is 3, and trace is 96.473640 
sp2count is 4, and trace is 95.118570 
 writing numerator values
Vec Object: 1 MPI processes
  type: seq
3.84093
6.43946
4.99382
4.79659
5.77851
6.39937
7.51097
5.46959
7.42831
7.44573
7.30773
5.68465
6.14025
9.18546
5.15888
7.09771
6.31084
7.50699
5.65777
6.77701
8.5763
4.72015
4.44862
6.96114
6.95485
7.23238
6.29233
6.34017
8.99379
6.51371
6.1099
7.70914
9.30449
8.03054
6.49771
6.69586
4.61781
6.52516
6.75772
5.87323
7.05167
7.78211
6.4166
5.09668
5.45343
6.61646
6.16834
7.57553
7.34395
6.1067
6.48534
5.65071
7.09048
6.24486
5.94003
5.42318
3.83269
4.73417
5.64921
6.50441
4.14279
4.97038
5.66181
8.06535
7.14433
6.84382
7.29126
3.81323
6.97944
9.80463
8.64109
4.20992
5.67621
3.33478
9.78672
5.63862
4.28207
8.03
5.4131
9.03866
6.94779
6.30283
6.75668
4.7009
8.04891
4.25736
5.16129
4.69154
3.31405
5.99332
8.1154
6.92032
4.82767
5.91736
4.2439
6.70203
7.48936
8.90349
7.04289
6.09975
6.283
7.55435
3.66768
5.87333
6.85203
7.82063
7.25829
7.70332
6.18603
7.72359
4.69283
7.46408
5.63332
5.78421
6.2527
6.1309
8.16977
8.90423
6.2948
7.42856
4.60117
4.49704
8.24709
6.80944
4.67387
4.17401
7.4898
4.30699
8.78703
6.12367
8.89082
6.18832
4.21884
7.23041
6.42238
9.46479
5.37447
7.1144
5.50057
7.43684
7.64753
5.45568
6.07948
9.07506
5.7024
5.66672
8.09989
7.73759
6.03751
6.69984
5.30271
7.82856
6.99558
6.56458
6.97346
4.03705
6.43057
5.6335
7.3984
7.59738
4.81076
6.87839
5.83169
6.01433
5.00786
8.08773
7.40961
7.90829
6.9706
7.51948
7.33438
6.21931
6.3741
6.25286
6.04073
5.72834
5.36362
9.48015
6.61377
4.85078
4.74281
6.84846
6.2078
4.26774
6.26447
6.10952
6.42954
5.71322
7.33126
5.09016
7.40245
7.96435
7.87528
5.91023
6.83847
8.48075
8.77724
10.4016
4.23317
7.29316
7.61225
6.78212
5.57276
6.46714
7.90398
7.11711
8.66435
7.11493
7.37104
4.52939
4.67372
5.71709
6.36267
5.31849
7.6813
7.40726
6.81893
7.88795
6.92353
8.19389
5.31197
6.38985
5.5985
7.59089
9.4766
6.90726
8.96043
6.02461
6.37659
7.107
6.81714
6.21321
6.66043
7.23308
6.4955
4.77547
7.60519
5.50243
6.72656
7.00611
10.2022
7.01234
5.65803
7.50925
6.2734
6.44887
3.55496
7.24862
7.67325
6.74821
6.27272
6.38728
7.14923
8.32196
5.38362
7.1104
5.59483
8.29462
7.06564
8.82512
6.23465
6.49997
7.41242
4.92445
8.35822
6.65722
5.88884
5.07794
8.61069
7.86496
5.45833
3.91325
7.04054
5.06887
6.5205
5.27969
4.1384
6.53681
5.00102
6.98108
7.00645
6.20584
6.15666
5.58954
5.71686
7.38878
5.94463
5.91569
writing denominator values
Vec Object: 1 MPI processes
  type: seq
3.84093
6.43946
4.99382
4.79659
5.77852
6.39937
7.51097
5.46959
7.42832
7.44573
7.30774
5.68465
6.14026
9.18547
5.15888
7.09771
6.31085
7.50699
5.65777
6.77701
8.5763
4.72015
4.44862
6.96114
6.95485
7.23238
6.29233
6.34017
8.9938
6.51371
6.1099
7.70915
9.30449
8.03054
6.49772
6.69587
4.61781
6.52516
6.75772
5.87323
7.05168
7.78211
6.4166
5.09668
5.45344
6.61646
6.16834
7.57553
7.34395
6.1067
6.48534
5.65071
7.09049
6.24486
5.94003
5.42318
3.83269
4.73417
5.64922
6.50441
4.1428
4.97038
5.66182
8.06535
7.14433
6.84382
7.29127
3.81323
6.97944
9.80464
8.64109
4.20992
5.67621
3.33478
9.78672
5.63862
4.28207
8.03001
5.4131
9.03867
6.94779
6.30283
6.75668
4.70091
8.04891
4.25737
5.16129
4.69154
3.31405
5.99332
8.11541
6.92033
4.82767
5.91736
4.24391
6.70204
7.48936
8.9035
7.04289
6.09975
6.283
7.55436
3.66769
5.87334
6.85203
7.82063
7.2583
7.70332
6.18603
7.72359
4.69283
7.46408
5.63332
5.78421
6.2527
6.1309
8.16977
8.90424
6.2948
7.42857
4.60118
4.49704
8.2471
6.80944
4.67387
4.17401
7.48981
4.307
8.78704
6.12367
8.89082
6.18832
4.21884
7.23041
6.42239
9.4648
5.37447
7.1144
5.50057
7.43685
7.64753
5.45568
6.07948
9.07506
5.7024
5.66672
8.09989
7.73759
6.03751
6.69984
5.30271
7.82856
6.99559
6.56458
6.97347
4.03705
6.43057
5.6335
7.3984
7.59738
4.81076
6.87839
5.83169
6.01433
5.00786
8.08773
7.40961
7.90829
6.97061
7.51949
7.33438
6.21931
6.3741
6.25286
6.04073
5.72835
5.36362
9.48015
6.61377
4.85078
4.74281
6.84847
6.2078
4.26774
6.26447
6.10953
6.42955
5.71322
7.33127
5.09016
7.40246
7.96435
7.87528
5.91023
6.83847
8.48076
8.77725
10.4016
4.23318
7.29317
7.61225
6.78212
5.57276
6.46714
7.90398
7.11711
8.66435
7.11493
7.37105
4.52939
4.67372
5.71709
6.36268
5.31849
7.6813
7.40726
6.81893
7.88795
6.92354
8.1939
5.31197
6.38985
5.59851
7.59089
9.4766
6.90727
8.96043
6.02462
6.3766
7.10701
6.81714
6.21322
6.66044
7.23309
6.4955
4.77547
7.60519
5.50244
6.72657
7.00611
10.2023
7.01234
5.65803
7.50926
6.2734
6.44888
3.55496
7.24863
7.67325
6.74821
6.27272
6.38728
7.14924
8.32197
5.38362
7.11041
5.59483
8.29462
7.06564
8.82512
6.23465
6.49997
7.41243
4.92446
8.35822
6.65722
5.88884
5.07794
8.61069
7.86496
5.45833
3.91325
7.04055
5.06887
6.5205
5.27969
4.1384
6.53681
5.00102
6.98108
7.00645
6.20584
6.15667
5.58954
5.71686
7.38878
5.94463
5.9157
time SP2 : 1.34771
Application 78032114 resources: utime ~3s, stime ~1s, Rss ~28444, inblocks ~54752, outblocks ~170063
